328
328 284 131
284 696 359
131 830 788
696 492 18
359 66 244
830 44 629
788 668 744
492 301 138
18 628 121
66 590 732
244 570 692
44 111 242
629 201 864
668 213 797
744 620 93
301 387 663
138 652 882
628 404 312
121 128 806
590 450 637
732 108 906
570 626 843
692 336 528
111 680 468
242 182 686
201 278 893
864 267 735
213 795 655
797 112 962
620 122 183
93 547 399
387 116 20
663 842 503
652 256 219
882 228 822
404 945 579
312 516 967
128 674 908
806 464 421
450 650 915
637 824 951
108 963 465
906 649 482
626 769 786
843 119 505
336 475 728
528 212 582
680 196 329
468 225 423
182 52 853
686 833 259
278 739 412
893 321 712
267 139 137
735 832 62
795 345 185
655 943 15
112 923 968
962 115 35
122 642 438
183 796 214
547 467 872
399 544 937
116 905 113
20 855 711
842 641 605
503 591 202
256 415 442
219 837 305
228 430 592
822 846 347
945 26 42
579 169 277
516 918 486
967 571 432
674 264 281
908 549 426
464 105 488
421 258 563
650 123 252
915 631 839
824 266 460
951 339 88
963 130 614
465 991 298
649 380 39
482 656 798
769 844 502
786 73 621
119 92 876
505 554 494
475 220 884
728 801 807
212 342 132
582 902 63
196 91 974
329 850 564
225 81 572
423 0 176
52 187 21
853 257 856
833 174 455
259 125 780
739 920 995
412 11 812
321 333 747
712 471 977
139 147 152
137 142 952
832 617 651
62 826 998
345 761 223
185 875 99
943 871 703
15 860 552
923 407 165
968 291 596
115 841 477
35 594 867
642 578 726
438 501 344
796 343 375
214 765 96
467 272 273
872 474 56
544 463 238
937 960 992
905 485 566
113 68 231
855 685 701
711 574 611
641 144 654
605 224 311
591 556 929
202 767 114
415 436 226
442 603 994
837 779 365
305 817 983
430 102 562
592 203 67
846 340 3
347 184 508
26 973 608
42 335 106
169 80 890
277 568 966
918 804 324
486 31 98
571 17 660
432 589 332
264 164 393
281 847 369
549 569 907
426 237 763
105 740 206
488 1000 391
258 403 519
563 897 555
123 469 357
252 835 151
631 288 293
839 851 428
266 47 146
460 325 260
339 678 879
88 764 101
130 97 64
614 770 790
991 95 19
298 789 388
380 781 156
39 406 445
656 218 708
798 567 661
844 53 742
502 916 129
73 997 207
621 200 173
92 953 283
876 934 785
554 693 531
494 625 688
220 768 517
884 323 925
801 919 209
807 194 79
342 523 921
132 610 282
902 362 376
63 186 437
91 845 40
974 302 498
850 251 286
564 327 38
81 350 372
572 37 424
0 378 746
176 536 240
187 60 810
21 750 675
257 418 743
856 926 368
174 245 234
455 233 760
125 299 947
780 134 814
920 982 61
995 84 775
11 280 900
812 646 757
333 950 854
747 546 373
471 996 961
977 956 411
147 862 221
152 149 662
142 279 86
952 551 493
617 955 707
651 216 820
826 316 811
998 136 427
761 179 444
223 390 36
875 598 398
99 990 374
871 178 527
703 706 348
860 110 677
552 150 145
407 346 643
165 358 470
291 402 248
596 250 645
841 71 29
477 451 682
594 565 607
867 717 838
578 90 27
726 211 160
501 57 883
344 489 624
343 30 515
375 975 448
765 813 689
96 561 334
272 776 821
273 522 409
474 899 753
56 630 499
463 296 247
238 580 420
960 65 666
992 135 783
485 733 7
566 58 829
68 831 385
231 177 366
685 300 22
701 383 473
574 615 938
611 593 752
144 410 859
654 276 894
224 672 799
311 725 730
556 198 600
929 511 153
767 364 858
114 417 290
436 880 613
226 756 999
603 863 584
994 904 759
779 550 852
365 936 635
817 181 133
983 778 669
102 458 512
562 705 394
203 616 422
67 933 45
340 190 425
3 193 958
184 939 9
508 720 246
973 270 34
608 180 599
335 671 13
106 83 702
80 356 910
890 993 800
568 496 155
966 158 371
804 673 192
324 601 416
31 803 836
98 361 41
17 988 892
660 647 360
589 453 670
332 397 117
164 978 43
393 495 229
847 734 262
369 140 636
569 23 840
907 314 877
237 351 500
763 313 318
740 510 208
206 903 462
1000 439 640
391 154 684
403 917 754
519 161 538
897 679 535
555 100 622
469 815 326
357 289 32
835 120 195
151 865 518
288 330 609
293 986 319
851 585 48
428 989 653
47 667 959
146 619 54
325 478 524
260 386 886
678 104 805
879 1 51
764 69 377
101 287 261
97 353 172
64 243 490
770 762 787
790 604 623
95 664 50
19 429 954
789 480 396
388 888 400
781 5 239
156 370 737
406 33 784
445 249 873
218 253 697
708 433 718
567 659 627
661 595 559
53 419 401
742 857 124
916 931 577
129 793 310
997 985 507
207 657 107
200 441 275
173 881 76
953 970 946
283 935 294
934 922 497
785 818 479
693 408 435
531 771 126
625 127 558
688 541 265
768 341 89
517 944 870
323 534 381
925 354 459
919 304 175
209 887 235
194 816 452
79 167 930
523 722 586
921 965 802
610 957 405
282 773 777
362 901 542
376 446 392
186 395 721
437 911 514
845 941 472
40 85 269
302 382 94
498 271 70
251 191 774
286 700 736
327 878 648
38 948 984
350 315 980
372 927 575
37 476 532
424 639 658
378 12 557
746 222 529
536 157 971
240 461 545
60 891 979
810 82 87
750 456 729
675 103 236
418 928 714
743 885 791
926 504 337
368 909 808
245 889 731
234 230 77
233 981 896
760 59 14
299 715 828
947 602 171
134 698 695
814 2 823
982 526 772
61 215 434
84 849 521
775 553 513
280 634 210
900 109 349
646 307 704
757 46 297
950 483 506
854 268 163
546 745 964
373 204 869
996 749 241
961 166 389
956 755 834
411 738 809
862 540 232
221 665 331
149 848 75
662 414 306
279 741 367
86 576 379
551 751 794
493 713 898
955 217 868
707 189 539
216 466 454
820 618 72
316 573 520
811 560 440
136 895 724
427 49 148
179 987 690
444 363 292
390 727 644
36 25 170
598 188 710
398 449 587
990 317 912
374 525 533
178 543 24
527 303 723
706 581 874
348 285 481
110 10 719
677 197 766
150 199 709
145 606 159
346 118 969
643 141 8
358 55 320
470 716 74
402 413 205
248 530 537
250 78 263
645 447 484
71 861 352
29 16 338
451 143 308
682 758 976
565 487 681
607 972 687
717 638 255
838 942 914
90 792 694
27 254 782
211 4 355
160 588 940
57 924 583
883 683 819
489 633 168
624 227 699
30 322 491
515 676 949
975 612 932
448 748 6
813 632 274
689 509 28
561 691 384
334 431 309
776 913 443
821 866 162
522 597 548
409 825 295
899 827 457
