545
545 6386 6497
6386 186 8284
6497 5250 2359
186 6933 6424
8284 8759 4896
5250 3288 7263
2359 3986 6918
6933 9015 1456
6424 7520 8574
8759 2850 4595
4896 808 4404
3288 3313 765
7263 6505 1777
3986 2898 3559
6918 4667 3530
9015 8832 1463
1456 8014 1140
7520 1486 1793
8574 69 7797
2850 6468 4343
4595 1674 577
808 7563 7949
4404 5037 6818
3313 7261 3882
765 903 6437
6505 9083 5012
1777 9197 4481
2898 4570 4357
3559 6306 5971
4667 829 854
3530 3864 1772
8832 289 2956
1463 1529 7576
8014 1473 4097
1140 1586 5465
1486 2694 1928
1793 4964 5811
69 9574 3282
7797 8903 9043
6468 4229 2799
4343 49 9551
1674 5187 2250
577 1526 7192
7563 209 1231
7949 727 5627
5037 3756 2179
6818 5730 9088
7261 8361 7268
3882 7407 887
903 2501 2652
6437 6555 6309
9083 9439 6972
5012 6676 5498
9197 2360 7463
4481 4692 7526
4570 1325 6076
4357 292 8767
6306 3082 9761
5971 8958 5211
829 8920 5035
854 8591 5945
3864 9735 5236
1772 4901 600
289 2746 4778
2956 2243 28
1529 2204 4185
7576 9851 5800
1473 4006 6560
4097 55 4608
1586 2750 5744
5465 9479 2797
2694 3584 3342
1928 9760 7517
4964 2001 7488
5811 4153 3382
9574 5325 9179
3282 8372 9018
8903 6561 4001
9043 8317 2339
4229 501 4721
2799 7693 6649
49 6219 5637
9551 9731 7341
5187 3290 4741
2250 3931 6039
1526 45 7835
7192 1006 185
209 5193 8121
1231 517 4320
727 373 7798
5627 1422 882
3756 8475 6300
2179 7408 64
5730 146 1393
9088 1631 6019
8361 7089 2643
7268 7741 2639
7407 5863 752
887 9829 4057
2501 6729 4773
2652 5278 3490
6555 1941 3333
6309 2255 3129
9439 1895 213
6972 9542 5418
6676 4198 8145
5498 1733 6332
2360 5419 9903
7463 7305 966
4692 7701 2148
7526 6514 4242
1325 6789 9952
6076 4999 1100
292 8628 8446
8767 4754 3468
3082 483 8831
9761 8182 5471
8958 964 674
5211 8111 2995
8920 2159 7705
5035 320 4779
8591 1956 4390
5945 1902 6166
9735 8494 4844
5236 1522 3277
4901 8544 7110
600 9530 3413
2746 1894 938
4778 3614 4417
2243 5949 516
28 2310 427
2204 3814 1209
4185 9776 9887
9851 9737 5127
5800 7971 1573
4006 7656 3052
6560 578 5509
55 3788 6769
4608 7208 6745
2750 7912 649
5744 7635 9063
9479 7895 9225
2797 4543 1007
3584 6030 391
3342 6423 874
9760 8750 3523
7517 2749 717
2001 9135 407
7488 7512 4967
4153 9075 6243
3382 1969 8281
5325 5417 6224
9179 3179 3544
8372 4211 8784
9018 4273 9099
6561 5701 1922
4001 3723 1978
8317 8343 3140
2339 3436 2235
501 1949 546
4721 7404 2964
7693 9562 941
6649 9055 2881
6219 2592 367
5637 9641 3148
9731 7065 6966
7341 4683 7258
3290 9304 9084
4741 4230 2223
3931 5554 9097
6039 1442 4075
45 6562 7779
7835 2600 2324
1006 9580 5061
185 6851 4098
5193 1396 9087
8121 2966 5736
517 288 7373
4320 1970 7218
373 8712 8913
7798 2832 4111
1422 8948 9768
882 3173 6779
8475 8028 3002
6300 3917 8864
7408 7480 138
64 7610 6280
146 4716 5585
1393 6889 5058
1631 862 6790
6019 9219 5412
7089 6474 7687
2643 6726 6267
7741 6732 9692
2639 1493 4049
5863 721 1694
752 7669 644
9829 4986 2931
4057 9317 9039
6729 7375 2871
4773 9719 7062
5278 2203 2693
3490 6259 9594
1941 6733 5542
3333 9372 1293
2255 1763 7334
3129 1524 7812
1895 3216 7495
213 6744 5706
9542 2088 2994
5418 6926 7958
4198 4568 7128
8145 7923 9046
1733 4352 7626
6332 6461 3500
5419 9645 6993
9903 2979 5859
7305 3715 7587
966 4310 9627
7701 2565 8804
2148 9052 286
6514 2356 7294
4242 942 8699
6789 5048 6808
9952 7251 9752
4999 7511 8822
1100 580 5997
8628 5357 1071
8446 3439 4921
4754 6550 1854
3468 7211 972
483 5562 7538
8831 5829 7227
8182 1046 3414
5471 2773 338
964 2834 1213
674 5935 1740
8111 1418 9513
2995 9121 1647
2159 8235 107
7705 6180 5747
320 7199 7638
4779 7189 9695
1956 6646 5266
4390 9552 5650
1902 5783 6884
6166 2351 1109
8494 5639 2190
4844 5334 4466
1522 3565 4797
3277 700 9875
8544 3284 3006
7110 8477 4955
9530 4831 2018
3413 4805 9441
1894 8178 5765
938 3190 1767
3614 996 3423
4417 5003 2625
5949 426 8849
516 5628 980
2310 3626 1910
427 7044 8821
3814 4833 9153
1209 2684 2477
9776 6409 5843
9887 5312 8157
9737 872 5305
5127 330 3254
7971 5676 5566
1573 1958 2024
7656 9666 2015
3052 6546 7302
578 5022 1981
5509 6069 3997
3788 8499 7744
6769 382 8134
7208 5930 6233
6745 5680 53
7912 1544 3269
649 9536 7500
7635 4062 7366
9063 8399 5931
7895 7043 8242
9225 141 4101
4543 6526 5959
1007 8170 6060
6030 4444 54
391 6389 281
6423 1494 8795
874 4033 4865
8750 8965 7351
3523 9272 6842
2749 1561 6727
717 4135 4315
9135 3263 7823
407 4044 7265
7512 9555 6628
4967 1139 7850
9075 4652 248
6243 2499 2467
1969 7878 9685
8281 3874 5789
5417 5899 9548
6224 3273 9524
3179 1192 8749
3544 7274 8334
4211 8768 9172
8784 1952 7402
4273 4032 7378
9099 3061 3114
5701 8845 8686
1922 7002 282
3723 2141 4609
1978 1730 5011
8343 7118 1722
3140 9748 3087
3436 5033 2312
2235 900 2322
1949 2268 5452
546 9809 5171
7404 2291 5936
2964 9047 1557
9562 3030 8493
941 753 6979
9055 5444 7293
2881 8186 7926
2592 2783 2105
367 7752 2941
9641 1308 7521
3148 6923 9154
7065 4742 5868
6966 3341 7247
4683 3924 2009
7258 6212 9869
9304 5173 2729
9084 5255 8617
4230 8100 5500
2223 6051 9916
5554 4494 8858
9097 3262 7999
1442 4018 7734
4075 1203 9519
6562 1353 2877
7779 160 1195
2600 1112 1983
2324 6908 1953
9580 4823 4050
5061 560 5001
6851 657 5069
4098 1919 5203
1396 9937 7040
9087 8370 8610
2966 2918 3037
5736 2697 6943
288 9816 2518
7373 227 8452
1970 2071 9167
7218 2390 3241
8712 6939 6715
8913 6263 5075
2832 9173 4081
4111 4579 5023
8948 8936 2595
9768 8534 7548
3173 9028 5071
6779 5323 8066
8028 5270 1837
3002 1849 7116
3917 3936 1339
8864 5616 837
7480 8275 6184
138 380 9657
7610 3548 7246
6280 9397 4626
4716 3048 8463
5585 5924 3421
6889 4285 2019
5058 1035 4257
862 8128 7769
6790 8408 8212
9219 4525 219
5412 5374 3480
6474 7163 396
7687 7152 5317
6726 2152 3689
6267 1079 3969
6732 8575 3260
9692 1802 9050
1493 4912 2779
4049 1280 9009
721 4539 8355
1694 9599 3196
7669 8206 5245
644 8642 698
4986 9844 3808
2931 5102 7053
9317 6329 3420
9039 145 9568
7375 694 2146
2871 4258 4428
9719 6207 2980
7062 6349 6375
2203 5202 5925
2693 1975 7618
6259 3166 7318
9594 6054 5570
6733 1545 2014
5542 172 864
9372 2577 9428
1293 7794 27
1763 6396 7824
7334 4499 2563
1524 2579 7776
7812 9811 5588
3216 2236 7371
7495 1574 8810
6744 2823 997
5706 3023 6832
2088 4753 5990
2994 7114 9340
6926 3896 1811
7958 7661 5893
4568 8715 3429
7128 8404 9920
7923 1383 7894
9046 4236 3243
4352 9394 585
7626 5981 2202
6461 498 4678
3500 9159 149
9645 4148 5980
6993 8385 5030
2979 301 5118
5859 3515 5917
3715 9527 5303
7587 7476 25
4310 6915 4375
9627 1 2831
2565 9126 8101
8804 725 550
9052 9979 1553
286 1675 5880
2356 5350 7280
7294 7283 3315
942 6089 8664
8699 1327 4759
5048 986 505
6808 9713 8109
7251 4249 5552
9752 5698 9718
7511 9945 4139
8822 583 6218
580 4300 3742
5997 2371 8471
5357 3256 4003
1071 1208 6960
3439 1942 2503
4921 8919 9787
6550 510 1825
1854 7219 3106
7211 5060 7963
972 7847 7986
5562 9732 5598
7538 7197 4640
5829 568 1908
7227 9708 8870
1046 7155 8824
3414 6856 4867
2773 5996 1318
338 2419 4959
2834 696 6000
1213 7431 5757
5935 2267 6553
1740 8278 7082
1418 6136 9918
9513 3884 5978
9121 8775 4723
1647 9007 5547
8235 8320 467
107 4794 499
6180 7003 4322
5747 3039 4877
7199 6863 524
7638 6370 2687
7189 9822 3944
9695 5360 8491
6646 9571 6260
5266 2222 6899
9552 6302 526
5650 9114 3440
5783 1889 944
6884 1620 8825
2351 9122 3886
1109 6445 590
5639 2584 9266
2190 366 9576
5334 7801 6159
4466 4686 6506
3565 2248 247
4797 7244 1406
700 7783 8042
9875 9998 4244
3284 4501 6344
3006 5640 2281
8477 4231 6492
4955 6606 3672
4831 5905 8271
2018 4074 4526
4805 4689 4645
9441 2526 1391
8178 4468 2408
5765 8249 8906
3190 1885 3147
1767 2520 7039
996 5169 4540
3423 6934 8091
5003 7215 2580
2625 2302 7490
426 2012 8407
8849 784 5435
5628 7038 3846
980 1329 5437
3626 8976 8532
1910 6272 8799
7044 2900 8967
8821 6105 8305
4833 9497 8732
9153 3009 8966
2684 1086 3823
2477 1563 9268
6409 7421 6479
5843 1356 547
5312 3505 3851
8157 6763 3171
872 818 607
5305 6401 4560
330 3013 335
3254 3837 9521
5676 4128 1428
5566 8595 9904
1958 4660 3915
2024 6787 9410
9666 2571 9264
2015 7241 5307
6546 1629 8130
7302 4603 1089
5022 4977 8482
1981 2040 4621
6069 6450 8122
3997 899 522
8499 4932 9693
7744 7514 1215
382 9579 4293
8134 4312 4939
5930 3767 2004
6233 6395 6481
5680 2640 7094
53 1305 8657
1544 7822 5182
3269 5318 2352
9536 9420 2835
7500 2502 126
4062 5232 6675
7366 4405 6112
8399 935 523
5931 4581 5290
7043 6466 7818
8242 6431 7194
141 1484 2171
4101 7032 8083
6526 3795 4575
5959 5871 5593
8170 7414 1297
6060 5440 8578
4444 2350 5347
54 4213 8777
6389 6564 5043
281 8599 3135
1494 5073 1755
8795 9040 5308
4033 4088 9926
4865 5228 4089
8965 8013 5923
7351 83 1319
9272 2158 200
6842 680 8558
1561 541 1616
6727 731 554
4135 5523 9674
4315 1002 4714
3263 4152 8396
7823 4048 3084
4044 529 1788
7265 8030 5799
9555 7808 6630
6628 7266 2234
1139 5443 1707
7850 1921 5214
4652 7206 8483
248 7782 9940
2499 9989 7106
2467 4616 1336
7878 1475 1334
9685 6568 5501
3874 4816 8420
5789 4642 7139
5899 744 3336
9548 5943 7434
3273 8254 9846
9524 8171 697
1192 1449 9248
8749 7961 2021
7274 5129 8852
8334 2688 6931
8768 905 9064
9172 5231 4283
1952 4237 7549
7402 9584 1065
4032 9526 6335
7378 4629 7077
3061 4170 3361
3114 5883 5721
8845 3442 6875
8686 6490 18
7002 2740 8880
282 6897 5749
2141 6338 3948
4609 4649 44
1730 3852 3362
5011 8868 6695
7118 579 6589
1722 7692 3842
9748 3516 1346
3087 8615 2329
5033 7553 826
2312 5549 8887
900 8909 6310
2322 2075 6812
2268 3894 7185
5452 3647 1193
9809 2377 6944
5171 8585 6937
2291 6343 8588
5936 9150 6015
9047 9006 9334
1557 770 4337
3030 8041 1277
8493 211 9902
753 2195 7510
6979 8872 8053
5444 4531 7863
7293 6737 7220
8186 8764 6775
7926 8163 849
2783 1643 4880
2105 7011 2453
7752 8193 351
2941 4943 9630
1308 9082 2543
7521 5445 7758
6923 2240 7196
9154 4427 5144
4742 786 8185
5868 5942 5881
3341 906 4431
7247 1906 9535
3924 5932 4005
2009 1742 8020
6212 9556 2034
9869 3734 5040
5173 1262 1851
2729 7403 4783
5255 9117 154
8617 6274 3430
8100 8649 555
5500 9201 6794
6051 4455 8402
9916 2949 5363
4494 6544 7631
8858 3138 4688
3262 6430 3085
7999 6786 6758
4018 21 4117
7734 2806 9163
1203 3911 7975
9519 5329 9034
1353 5117 8378
2877 832 924
160 2813 1217
1195 1464 6151
1112 9773 3299
1983 4173 691
6908 812 719
1953 5447 7825
4823 6542 608
4050 4415 3881
560 827 6323
5001 8084 3854
657 7717 298
5069 1351 3785
1919 6081 1741
5203 6962 1451
9937 7709 2441
7040 9688 2385
8370 2853 1441
8610 8722 6146
2918 3507 8679
3037 5157 1548
2697 3824 3586
6943 4915 7529
9816 2854 1200
2518 4067 6687
227 6707 8076
8452 1558 1074
2071 128 2542
9167 6296 2862
2390 2519 7340
3241 6878 6142
6939 3845 7326
6715 8422 3850
6263 4669 4037
5075 7979 5200
9173 6085 5165
4081 3889 6162
4579 8927 6788
5023 19 650
8936 8315 6574
2595 1672 7681
8534 3402 6963
7548 1467 2216
9028 2793 1887
5071 479 4448
5323 9469 2271
8066 32 2119
5270 5122 8071
1837 3035 6673
1849 2679 886
7116 2471 8441
3936 7240 4924
1339 3399 9722
5616 2549 2305
837 3727 8703
8275 4562 1135
6184 4554 625
380 6900 5699
9657 5508 1735
3548 9342 4909
7246 2742 5450
9397 7860 1149
4626 7193 965
3048 1365 9658
8463 9546 7541
5924 6200 836
3421 7499 2511
4285 4874 779
2019 3825 1881
1035 6709 1702
4257 5293 3841
8128 131 5132
7769 968 4228
8408 7704 2573
8212 7832 2050
4525 6713 8560
219 2353 1168
5374 6353 7123
3480 4500 6681
7163 743 5982
396 2165 1354
7152 2031 5479
5317 6238 6116
2152 5373 228
3689 3926 8667
1079 750 6130
3969 7228 5138
8575 4309 5164
3260 7058 7745
1802 958 663
9050 820 5962
4912 8421 5521
2779 1234 4498
1280 8959 4422
9009 370 9366
4539 3776 2296
8355 1642 2237
9599 3180 7466
3196 9093 9925
8206 570 4509
5245 8803 5286
8642 7664 6429
698 6135 4430
9844 9621 3930
3808 9924 4210
5102 2769 5735
7053 7086 9213
6329 7871 2528
3420 7027 3890
145 8437 8515
9568 7145 4707
694 8273 6620
2146 6577 6120
4258 7210 9210
4428 8376 9561
6207 6287 1429
2980 6088 3532
6349 2361 3828
6375 3245 359
5202 9260 5966
5925 3213 6372
1975 179 6213
7618 4713 9981
3166 904 1943
7318 1857 7095
6054 2084 3059
5570 1637 892
1545 5121 9880
2014 642 5189
172 6384 4522
864 638 7479
2577 3757 9954
9428 6480 171
7794 3711 9547
27 5335 2323
6396 6558 3498
7824 2540 147
4499 8064 8342
2563 6668 7370
2579 8596 4929
7776 1040 801
9811 4330 741
5588 4872 7051
2236 9393 8653
7371 8791 9263
1574 3192 2613
8810 889 5669
2823 4291 1834
997 2820 4599
3023 4873 4388
6832 6645 3221
4753 5472 3977
5990 3194 1142
7114 6366 3042
9340 6909 9906
3896 3158 3195
1811 3549 4839
7661 3437 8980
5893 9882 253
8715 9671 1869
3429 5635 5672
8404 9102 1220
9920 9311 7960
1383 8918 3511
7894 4224 452
4236 7098 4493
3243 5631 6523
9394 8208 24
585 5196 8339
5981 1420 2615
2202 615 3121
498 8753 9224
4678 5550 6898
9159 3417 4586
149 454 3834
4148 1303 8612
5980 5463 7071
8385 6117 1517
5030 5838 1695
301 275 153
5118 5089 3940
3515 2319 1300
5917 9373 6147
9527 758 5002
5303 5629 4728
7476 913 8523
25 7598 6046
6915 4429 1989
4375 163 2420
1 7988 9252
2831 5183 2463
9126 5130 2635
8101 33 8202
725 5393 6557
550 9788 3331
9979 5613 7271
1553 123 5875
1675 7292 8079
5880 8569 6235
5350 7018 5915
7280 1756 1496
7283 2757 4673
3315 3122 7795
6089 4020 8046
8664 1366 9881
1327 4696 7242
4759 9031 7093
986 323 4801
505 4202 9664
9713 5413 5361
8109 4837 4184
4249 2791 2205
5552 2816 8367
5698 6633 8008
9718 3222 1175
9945 3651 2198
4139 1150 5722
583 5822 7722
6218 6094 9032
4300 5261 8945
3742 6340 774
2371 6580 3207
8471 6810 8347
3256 3909 7542
4003 9673 8813
1208 4103 2672
6960 3149 2167
1942 206 2486
2503 885 8511
8919 8466 4440
9787 9455 9814
510 9221 5016
1825 4323 9054
7219 9483 660
3106 4023 17
5060 7984 897
7963 7229 7802
7847 6326 2127
7986 4643 9678
9732 2777 5612
5598 759 7954
7197 8978 1279
4640 7097 9203
568 4733 5723
1908 7349 553
9708 6498 6382
8870 1128 1628
7155 102 2933
8824 7564 2242
6856 3208 3425
4867 9697 1528
5996 8577 9728
1318 5220 6785
2419 9792 5967
4959 2770 1680
696 9307 6693
6000 4453 5679
7431 4637 2498
5757 1635 8218
2267 3702 1092
6553 435 6394
8278 9010 5163
7082 3188 5600
6136 9408 7827
9918 7456 5785
3884 3954 852
5978 5693 9667
8775 2935 8295
4723 1954 7855
9007 2086 2398
5547 4113 9096
8320 702 5625
467 9796 1068
4794 6435 5755
499 9660 4335
7003 6487 1907
4322 7760 7296
3039 5666 7843
4877 4736 5794
6863 1871 1276
524 5375 8357
6370 1290 8352
2687 3004 5611
9822 2090 3427
3944 408 1960
5360 7601 1450
8491 6008 6977
9571 1091 2362
6260 581 1732
2222 5688 1367
6899 5042 5685
6302 3543 8917
526 6128 3202
9114 4623 5212
3440 4572 2054
1889 6683 562
944 98 7956
1620 477 3868
8825 2626 8701
9122 7596 9505
3886 9475 7972
6445 6516 8850
590 3486 6443
2584 5191 9013
9266 5076 3407
366 2087 6185
9576 5515 108
7801 2138 1550
6159 7425 3206
4686 9977 9778
6506 7388 7599
2248 1172 3409
247 1739 135
7244 7056 6624
1406 1225 5213
7783 3010 8366
8042 7075 3605
9998 5197 1627
4244 1688 6038
4501 2066 9233
6344 2053 1565
5640 5072 4633
2281 2490 1063
4231 2731 6830
6492 5166 3219
6606 2426 4195
3672 7143 9149
5905 8807 7668
8271 1075 4984
4074 6441 4611
4526 3945 794
4689 273 4196
4645 7940 513
2526 998 3432
1391 1961 1581
4468 5414 8116
2408 4277 125
8249 3735 9338
8906 8741 5836
1885 6696 2156
3147 9478 8270
2520 1487 3811
7039 8424 4973
5169 6044 7048
4540 8981 5687
6934 9922 7893
8091 589 6519
7215 6662 5514
2580 7660 3567
2302 3799 8561
7490 3214 3857
2012 639 988
8407 322 5438
784 6822 8760
5435 9896 1796
7038 7091 490
3846 620 3452
1329 5291 3400
5437 4891 1474
8976 8525 9128
8532 9935 1934
6272 1271 462
8799 8290 9623
2900 7678 8522
8967 8292 9414
6105 3454 8780
8305 6324 4704
9497 5820 1134
8732 2454 6045
3009 7819 7141
8966 7376 7686
1086 3914 8997
3823 6528 4893
1563 6865 2372
9268 1888 4299
7421 6141 8162
6479 7417 6520
1356 8364 1604
547 3601 7452
3505 9659 8048
3851 1185 3335
6763 8489 2720
3171 7157 497
818 4763 257
607 9049 1219
6401 6920 914
4560 4011 709
3013 1041 8095
335 2023 5812
3837 4116 2073
9521 3026 4282
4128 6648 3937
1428 3677 7504
8595 4465 384
9904 7880 3832
4660 2560 1427
3915 5951 5241
6787 3545 5116
9410 7298 8618
2571 5365 5839
9264 8060 5272
7241 2104 4029
5307 7130 6314
1629 4511 1107
8130 8859 9168
4603 937 2804
1089 5665 1360
4977 5405 405
8482 7780 9886
2040 223 1862
4621 4588 4222
6450 2559 8093
8122 4519 2
899 9066 2225
522 6427 3229
4932 9371 5846
9693 8131 1492
7514 4702 5009
1215 1119 1794
9579 331 5017
4293 8276 3921
4312 7165 3642
4939 8908 1951
3767 5491 8089
2004 4261 9350
6395 7507 922
6481 2561 6127
2640 8124 9275
7094 7585 8264
1305 8380 9262
8657 7069 5784
7822 8391 5257
5182 1523 6182
5318 4911 6825
2352 2685 8465
9420 3961 2120
2835 8381 954
2502 7866 2794
126 9391 5920
5232 8726 9931
6675 5919 748
4405 5752 87
6112 9850 311
935 7183 3840
523 2727 6456
4581 4793 7
5290 7167 7390
6466 3094 3058
7818 4036 430
6431 4847 5815
7194 6110 9686
1484 195 3585
2171 9360 3622
7032 240 4262
8083 3197 1863
3795 2151 2696
4575 8833 4884
5871 7384 1865
5593 8434 6080
7414 8835 2217
1297 3356 8401
5440 9322 2829
8578 8289 6945
2350 4235 9283
5347 3397 7494
4213 6603 7356
8777 9966 5268
6564 7021 8350
5043 459 9654
8599 2230 5987
3135 6336 1288
5073 742 4920
1755 6021 7569
9040 6885 7217
5308 2767 5403
4088 2096 3160
9926 8866 7742
5228 4818 5802
4089 4288 369
8013 3252 2118
5923 1920 5387
83 2089 1187
1319 6677 6304
2158 5229 5297
200 893 8025
680 8550 7126
8558 9839 5589
541 1936 9698
1616 3976 5697
731 1547 1636
554 1513 3606
5523 6631 4425
9674 9637 6924
1002 1194 2953
4714 676 7085
4152 7690 3204
8396 595 2678
4048 9409 5553
3084 4682 1720
529 3831 1468
1788 4630 604
8030 9975 1491
5799 4238 8725
7808 8729 4590
6630 5397 7257
7266 9211 3844
2234 5713 100
5443 5764 1719
1707 5281 1783
1921 8031 5044
5214 6634 4058
7206 706 682
8483 3965 1286
7782 3235 684
9940 2605 6638
9989 2648 7943
7106 9499 1751
4616 1313 5428
1336 6592 6380
1475 1094 1182
1334 4104 7092
6568 9852 3709
5501 1815 707
4816 3722 6495
8420 8774 9820
4642 9754 3919
7139 5577 4034
744 512 1580
3336 7472 4596
5943 8167 9280
7434 4423 5262
8254 3506 2954
9846 2748 2649
8171 6686 4722
697 8922 5668
1449 22 1088
9248 5929 9791
7961 7870 4662
2021 1249 2076
5129 1588 1095
8852 4321 2311
2688 8797 4308
6931 3971 9586
905 6126 8165
9064 9447 184
5231 6318 3015
4283 8022 8252
4237 3591 1579
7549 552 3897
9584 3663 8245
1065 7505 8096
9526 7811 4628
6335 2189 5972
4629 104 5662
7077 9132 7295
4170 4928 7080
3361 8796 9757
5883 2247 1077
5721 5423 4304
3442 4758 4514
6875 9569 2702
6490 9705 6813
18 828 6216
2740 3151 2847
8880 1692 7815
6897 9134 7188
5749 8771 3748
6338 8837 2016
3948 1500 4755
4649 6160 4718
44 2017 6225
3852 9071 5565
3362 6989 2229
8868 5269 8882
6695 8590 692
579 8451 5342
6589 3495 8410
7692 6192 5913
3842 1614 3141
3516 2060 1498
1346 2180 9703
8615 2882 1622
2329 1560 9649
7553 9402 3721
826 3706 5093
5549 3146 3445
8887 7641 2895
8909 9457 7814
6310 79 7232
2075 3796 7746
6812 747 5833
3894 9944 1866
7185 2570 109
3647 4781 6315
1193 2517 4134
2377 9319 3725
6944 3862 991
8585 670 3218
6937 9832 773
6343 6350 7868
8588 1101 2114
9150 2404 1876
6015 2489 6764
9006 1478 218
9334 9278 6240
770 1454 9565
4337 9510 3675
8041 6749 2878
1277 5407 2843
211 3657 3802
9902 6408 9171
2195 8454 2344
7510 5660 9014
8872 7216 2374
8053 204 3514
4531 6496 8843
7863 4820 3446
6737 8260 8539
7220 9314 6299
8764 4223 3552
6775 4701 8172
8163 4698 2512
849 5013 2091
1643 2611 8942
4880 7973 4894
7011 3885 1766
2453 9062 7946
8193 3226 3671
351 5154 3769
4943 8144 9331
9630 3873 7181
9082 3752 5215
2543 3995 8033
5445 6583 2958
7758 2070 8175
2240 9907 8318
7196 8468 2266
4427 8581 7435
5144 9330 1619
786 7396 8397
8185 7391 8970
5942 6998 3794
5881 7770 8611
906 7024 5906
4431 1896 1012
1906 2932 5025
9535 4413 880
5932 1589 3360
4005 1684 6347
1742 2893 2836
8020 4454 7849
9556 8204 137
2034 5575 7560
3734 2683 2890
5040 8724 5176
1262 4966 8947
1851 4940 537
7403 5497 1511
4783 2349 7061
9117 3765 5732
154 2389 4593
6274 4014 2315
3430 6887 645
8649 7264 2869
555 4790 4354
9201 4769 9074
6794 3652 1239
4455 2957 8169
8402 2125 2998
2949 5052 6563
5363 75 8070
6544 4460 8897
7631 5050 233
3138 2208 3648
4688 6956 5487
6430 6904 6197
3085 5324 9687
6786 6111 5135
6758 9957 815
21 3365 5827
4117 3956 1181
2806 6333 6330
9163 1206 6486
3911 7595 2701
7975 8027 7485
5329 724 1532
9034 8251 245
5117 5362 2048
8378 1263 8744
832 6595 1060
924 6236 1240
2813 775 2597
1217 9445 6762
1464 440 2472
6151 2232 7737
9773 1617 174
3299 2416 29
4173 4208 6946
691 9564 3373
812 6454 9176
719 9553 2295
5447 9056 2027
7825 5546 7243
6542 9459 7166
608 3922 9480
4415 1471 2321
3881 4043 8184
827 5105 1773
6323 2224 7537
8084 6220 238
3854 2391 4167
7717 1127 2401
298 1673 8002
1351 1385 6176
3785 7953 6114
6081 3800 5667
1741 782 9374
6962 71 3998
1451 5289 2896
7709 8665 8621
2441 3518 4680
9688 1368 6093
2385 8309 306
2853 5345 8773
1441 1709 1400
8722 8875 3925
6146 5175 224
3507 5377 8297
8679 4864 2754
5157 9094 9182
1548 5854 1999
3824 1593 3634
3586 9395 1260
4915 6654 236
7529 4751 2383
2854 4150 4436
1200 3650 399
4067 2438 5808
6687 8105 4956
6707 2762 2246
8076 6371 1728
1558 6952 1731
1074 1061 1798
128 5512 4606
2542 6317 8641
6296 7250 1258
2862 4408 375
2519 6641 7914
7340 662 1659
6878 8646 7112
6142 4524 5372
3845 3695 5482
7326 5889 5677
8422 374 993
3850 7509 788
4669 4727 5970
4037 2533 7934
7979 571 1064
5200 136 1667
6085 9812 413
5165 8417 6360
3889 687 378
6162 6230 3289
8927 1808 9771
6788 2297 4269
19 3150 5309
650 8051 7933
8315 1723 7584
6574 5080 5620
1672 4367 7361
7681 1583 5719
3402 2616 8536
6963 4852 6537
1467 7513 7333
2216 1689 6377
2793 9212 140
1887 7433 2299
479 3731 7834
4448 5238 588
9469 4318 2985
2271 2474 6407
32 8963 7629
2119 4077 8765
5122 1760 6292
8071 7799 2908
3035 2101 2636
6673 9115 713
2679 9020 5844
886 2856 9313
2471 3372 3050
8441 4073 6042
7240 3176 3949
4924 778 5296
3399 9847 1435
9722 757 1519
2549 5638 5559
2305 4745 1977
3727 9161 1022
8703 4064 5944
4562 8238 8670
1135 8438 5816
4554 2706 329
625 250 2068
6900 2795 1382
5699 2934 314
5508 7762 1502
1735 9051 9835
9342 9933 8327
4909 4800 1668
2742 1839 3316
5450 9208 7922
7860 4344 7671
1149 7327 4441
7193 8470 9473
965 8142 9682
1365 3132 3594
9658 3679 390
9546 6133 1824
7541 4188 4418
6200 3081 3963
836 472 8194
7499 6698 2188
2511 3089 9607
4874 1984 4577
779 8658 8395
3825 4446 8478
1881 7134 9588
6709 7386 1023
1702 6007 8910
5293 6783 6070
3841 5259 1746
131 8213 261
5132 9828 8694
968 2695 4484
4228 7619 1582
7704 6888 8647
2573 4971 2712
7832 4181 3858
2050 9518 1874
6713 3762 5493
8560 7322 7276
2353 4378 4859
1168 8865 7738
6353 7573 3980
7123 1937 2991
4500 5673 3105
6681 4905 2376
743 5233 4954
5982 5661 2821
2165 3143 5343
1354 7311 567
2031 2691 6153
5479 6484 8742
6238 5898 411
6116 4279 7886
5373 9587 5809
228 2554 6796
3926 6283 4434
8667 8925 1049
750 3108 9444
6130 8545 5583
7228 3957 5519
5138 6626 7422
4309 5066 4578
5164 6860 6279
7058 3902 220
7745 4065 6057
958 1982 7861
663 7896 3630
820 5300 7707
5962 3008 853
8421 2488 1879
5521 4829 5683
1234 285 1470
4498 2805 3662
8959 8828 3411
4422 6058 8316
370 3935 7851
9366 4362 9059
3776 6252 3697
2296 9591 3598
1642 3755 679
2237 4576 421
3180 5900 9118
7466 6890 9436
9093 122 7957
9925 6872 4256
570 8009 2587
4509 4420 5675
8803 4147 8432
5286 6554 2873
7664 2218 8118
6429 5331 1820
6135 6491 1747
4430 8312 3962
9621 9407 8490
3930 7966 8198
9924 2199 9048
4210 2307 8261
2769 2098 2763
5735 8898 2837
7086 5796 1029
9213 1126 8626
7871 4137 7710
2528 1748 3393
7027 8263 9199
3890 8368 603
8437 1373 2546
8515 4625 2999
7145 4395 6697
4707 6167 9269
8273 2045 7248
6620 2433 1050
6577 1980 6339
6120 1000 7005
7210 689 7007
9210 5294 4463
8376 3628 3428
9561 6485 8267
6287 1212 5602
1429 7253 5805
6088 8891 6987
3532 5256 8029
2361 9884 5734
3828 2510 8390
3245 6601 5244
359 3405 9684
9260 8082 1976
5966 7314 2059
3213 8565 7120
6372 8794 6992
179 3186 8220
6213 6753 2333
4713 4738 7685
9981 3370 8751
904 9936 1571
1943 6719 9704
1857 4774 422
7095 8786 3479
2084 362 3325
3059 4536 2462
1637 7420 8485
892 5492 7785
5121 3264 1598
9880 9188 5991
642 7430 9216
5189 3747 7019
6384 2275 869
4522 7524 5038
638 5633 81
7479 3583 3710
3757 4125 622
9954 6984 3462
6480 596 8640
171 2624 8335
3711 4070 8406
9547 1321 3117
5335 5878 9897
2323 8928 279
6558 4010 2168
3498 919 2231
2540 6870 3007
147 2945 8019
8064 5273 3223
8342 1419 3189
6668 420 4807
7370 5777 2228
8596 2504 6457
4929 1938 817
1040 9990 3730
801 715 3798
4330 6392 4416
741 6958 9368
4872 258 2682
7051 7212 2802
9393 8492 3749
8653 4903 5647
8791 139 7377
9263 4512 290
3192 4342 1789
2613 740 8360
889 2394 1861
5669 2789 791
4291 5857 3866
1834 3803 3000
2820 6973 9487
4599 345 6364
4873 1762 8393
4388 888 5702
6645 6239 5328
3221 3497 8056
5472 8052 8480
3977 5288 2460
3194 6739 2596
1142 9848 9537
6366 8984 9923
3042 35 5179
6909 2163 4495
9906 8834 8788
3158 2035 9783
3195 5337 6348
3549 7319 124
4839 8847 3178
3437 7753 7936
8980 8587 7256
9882 8861 5596
253 9643 5198
9671 1483 4353
1869 866 4464
5635 3638 1371
5672 7017 669
9102 5021 58
1220 1670 3659
9311 7297 4684
7960 8509 2619
8918 5657 2709
3511 6301 3483
4224 3639 9187
452 4926 6570
7098 671 1115
4493 2304 8594
5631 665 3526
6523 7577 623
8208 9041 9125
24 8547 4553
5196 3330 4907
8339 1812 482
1420 7747 9169
2615 1691 7350
615 1020 3778
3121 9948 9380
8753 8415 7996
9224 7125 8132
5550 7234 1143
6898 5618 2233
3417 718 7059
4586 9826 1986
454 6614 3791
3834 7315 8727
1303 6426 3732
8612 9528 9894
5463 2140 7484
7071 2868 7460
6117 9 8090
1517 6874 310
5838 8133 9316
1695 9192 1291
275 9259 5529
153 4768 8893
5089 6766 3694
3940 9601 9863
2319 4737 531
1300 5174 1562
9373 9696 678
6147 2623 3279
758 6404 5741
5002 859 1708
5629 271 8086
4728 4594 7064
913 8632 1845
8523 7148 4991
7598 2541 5632
6046 7226 476
4429 1358 9365
1989 8398 1145
163 5436 4748
2420 3913 7970
7988 95 43
9252 9022 5421
5183 1499 9959
2463 1416 3392
5130 60 3359
2635 2884 3775
33 4015 8231
8202 2294 5364
5393 9384 5759
6557 9489 6295
9788 2942 9367
3331 2079 4296
5613 1711 6588
7271 2887 7042
123 3167 867
5875 9155 398
7292 5322 9108
8079 5832 9288
8569 7700 805
6235 1363 1780
7018 9286 4842
5915 9921 1700
1756 8034 1757
1496 9557 1782
2757 2452 4857
4673 6129 7620
3122 4685 1132
7795 5239 9419
4020 9242 4585
8046 7108 9244
1366 9136 6616
9881 3345 9008
4696 6877 3390
7242 8065 6254
9031 9622 9178
7093 6650 3520
323 2902 7714
4801 5107 8321
4202 5678 1509
9664 7974 6647
5413 2136 3488
5361 8021 5426
4837 1157 1830
4184 3355 1809
2791 1678 6941
2205 6513 2064
2816 2440 5597
8367 6738 1841
6633 4710 6234
8008 1245 4989
3222 5503 4941
1175 3386 5271
3651 3101 4605
2198 976 8484
1150 2422 3570
5722 4970 962
5822 8359 5587
7722 6099 5078
6094 3060 936
9032 9421 1838
5261 3267 5087
8945 4789 2634
6340 646 8953
774 8819 4806
6580 7679 7151
3207 7696 5511
6810 1228 5956
8347 2745 5504
3909 2337 1543
7542 9297 9799
9673 7777 1658
8813 6017 4275
4103 873 1649
2672 8363 5530
3149 5510 1170
2167 2108 2668
206 7768 6005
2486 1272 5955
885 8147 4489
8511 8059 4740
8466 6195 5770
4440 4031 1892
9455 2961 6922
9814 8104 6765
9221 4840 9026
5016 8000 4521
4323 5986 8161
9054 8506 5247
9483 134 2007
660 2530 4648
4023 9618 9381
17 4916 6573
7984 8159 4612
897 6465 7859
7229 971 3680
7802 5696 7245
6326 4786 9831
2127 7313 9103
4643 6622 5219
9678 2274 6858
2777 9140 409
5612 2264 5958
759 3708 7702
7954 746 5807
8978 2436 4516
1279 4458 8625
7097 3843 7224
9203 3959 4145
4733 3319 539
5723 3571 4918
7349 6883 621
553 6964 1136
6498 4068 9506
6382 2417 1390
1128 835 2521
1628 4028 9651
102 1967 1413
2933 4809 8304
7564 3975 3610
2242 5866 4379
3208 7303 5085
3425 4550 5315
9697 8443 1821
1528 4990 4403
8577 3111 8851
9728 4998 7117
5220 6545 939
6785 2491 6334
9792 4602 4069
5967 9496 8964
2770 3265 2971
1680 4324 6750
9307 5358 4784
6693 2290 2367
4453 6144 1693
5679 5909 2618
4637 5453 3388
2498 8879 2936
1635 521 8061
8218 6047 7658
3702 9498 7607
1092 4239 6102
435 8012 5170
6394 8549 8531
9010 3554 6905
5163 4240 9300
3188 9301 5155
5600 3682 2257
9408 4666 7887
7827 4788 1341
7456 8566 6539
5785 8464 1214
3954 3666 7539
852 6149 7022
5693 8039 1947
9667 2654 3292
2935 9465 3075
8295 3133 7906
1954 1224 2787
7855 8011 9782
2086 9898 1932
2398 327 5216
4113 2879 1104
9096 2253 5302
702 8871 6065
5625 2043 6050
9796 3036 6281
1068 5761 8938
6435 8018 2601
5755 3408 4072
9660 3513 4665
4335 2358 8346
6487 8006 3979
1907 2669 2780
7760 2810 3838
7296 2482 5879
5666 2003 7109
7843 3237 6644
4736 8992 2915
5794 5781 3763
1871 7903 1817
1276 5402 3655
5375 8979 402
8357 9399 8752
1290 4266 6540
8352 7033 9405
3004 618 8798
5611 441 3600
2090 2185 11
3427 8931 7630
408 2778 2335
1960 7471 3933
7601 7612 8341
1450 1661 2545
6008 9418 4345
6977 1625 6610
1091 1918 6658
2362 8035 5209
581 7916 2256
1732 1117 6405
5688 506 1254
1367 2844 7288
5042 9603 8998
5685 7179 2977
3543 8730 734
8917 3453 549
6128 2912 4119
3202 4292 6711
4623 2395 781
5212 7574 2200
4572 1950 2708
2054 2628 4492
6683 3130 1613
562 7764 6936
98 5940 2743
7956 4558 7874
477 8740 3156
3868 2220 2399
2626 1590 3064
8701 3072 5775
7596 5933 3357
9505 6772 9531
9475 4732 5150
7972 3547 9277
6516 1897 7278
8850 6357 2969
3486 2572 1085
6443 4108 2455
5191 8330 9650
9013 7411 4946
5076 1596 9736
3407 1729 7931
2087 4346 1778
6185 5910 3092
5515 5195 5265
108 1129 8308
2138 8812 3338
1550 0 9727
7425 7775 1805
3206 1301 2260
9977 787 5184
9778 5848 1832
7388 6959 1440
7599 7397 4739
1172 9406 8955
3409 6402 8638
1739 34 1465
135 4812 1343
7056 3447 3589
6624 9745 9205
1225 9806 7443
5213 5225 5520
3010 810 5769
8366 7046 6227
7075 4725 9246
3605 9554 8369
5197 7419 8943
1627 8823 8779
1688 1267 5336
6038 8940 2838
2066 2402 6143
9233 1197 6294
2053 8949 5420
1565 7689 7829
5072 1122 6390
4633 7124 9209
2490 3668 419
1063 9019 5622
2731 3318 9609
6830 8876 1392
5166 5855 242
3219 8195 2962
2426 1886 2193
4195 8120 6617
7143 8890 5582
9149 9855 8129
8807 63 3295
7668 496 1084
1075 8601 8567
4984 4456 7639
6441 9730 6817
4611 3364 4910
3945 3098 9888
794 1081 4391
273 8695 5099
4196 3653 1609
7940 2494 7332
513 7308 1683
998 8624 4217
3432 1036 1676
1961 2318 3927
1581 9507 6316
5414 2721 9652
8116 8098 2332
4277 6886 5605
125 7636 7041
3735 1801 385
9338 8236 9675
8741 802 8005
5836 732 5114
6696 8707 3349
2156 8177 3569
9478 9180 6115
8270 926 5306
1487 3142 3996
3811 7483 9001
8424 1174 2920
4973 6397 8885
6044 8457 4287
7048 4284 6373
8981 4677 3607
5687 5267 3225
9922 7917 4138
7893 6584 6852
589 4143 6164
6519 9123 4541
6662 7418 7614
5514 3934 6951
7660 7927 5681
3567 3095 5460
3799 8597 7728
8561 2987 5947
3214 2976 599
3857 5279 8904
639 8900 263
988 6929 8156
322 3966 8143
5438 9996 8702
6822 6321 4055
8760 9270 3244
9896 1606 7162
1796 4414 4694
7091 4663 2429
490 8237 449
620 65 7492
3452 5249 4510
5291 8274 8543
3400 8663 3029
4891 9573 5840
1474 3305 8583
8525 132 9859
9128 8303 813
9935 4975 4672
1934 5539 2479
1271 7941 3941
462 1097 7031
8290 1459 198
9623 5641 675
7678 221 6109
8522 2272 4161
8292 7575 1370
9414 8146 3352
3454 418 9541
8780 2772 5097
6324 3779 6604
4704 6961 9005
5820 1744 2657
1134 6857 2415
2454 1241 6
6045 6325 9805
7819 7662 9619
7141 9141 538
7376 6600 7372
7686 8704 7617
3914 3502 5760
8997 3990 3661
6528 2711 756
4893 3240 5145
6865 7339 2241
2372 438 6313
1888 9558 9341
4299 7441 5964
6141 2874 1295
8162 1987 9166
7417 5119 4944
6520 4752 3272
8364 2313 6678
1604 3040 5524
3601 7277 9352
7452 6988 1682
9659 4025 1847
8048 955 5382
1185 389 7195
3335 1927 8962
8489 393 3810
2720 5224 1623
7157 2357 6690
497 6459 2029
4763 5480 3536
257 9471 6358
9049 7665 7079
1219 1965 9401
6920 9597 152
914 3985 23
4011 1564 6035
709 5478 4945
1041 8442 8862
8095 656 3974
2023 4132 1985
5812 3684 8240
4116 4566 9665
2073 5139 9215
3026 627 342
4282 8521 7786
6648 9253 5167
3937 5952 9930
3677 1171 1199
7504 5424 6532
4465 3720 9425
384 2424 7437
7880 8057 8818
3832 2607 4276
2560 2803 520
1427 166 2811
5951 6916 3448
5241 1218 7491
3545 7424 9230
5116 9124 3883
7298 6067 3233
8618 4349 8077
5365 9701 7121
5839 2448 7554
8060 4552 6799
5272 1052 3224
2104 3477 5989
4029 3712 3301
7130 1534 5086
6314 8734 9661
4511 8258 2928
1107 4192 112
8859 8619 6882
9168 1535 9256
937 3450 4350
2804 3703 8241
5665 3460 2522
1360 9504 4382
5405 3558 7889
405 3449 1882
7780 4369 7659
9886 5057 99
223 6201 9617
1862 4906 7951
4588 7328 451
4222 5108 1504
2559 6178 1515
8093 6037 9388
4519 5842 8802
2 89 1047
9066 7551 1229
2225 56 2038
6427 3744 3474
3229 9885 9241
9371 8433 8892
5846 9747 8915
8131 814 7209
1492 2939 8296
4702 5821 6593
5009 8589 9941
1119 6701 8731
1794 4785 6489
331 1988 4826
5017 5367 8676
8276 8713 1287
3921 4534 7129
7165 7393 7888
3642 5979 9824
8908 3303 9474
1951 4271 4451
5491 6285 5237
8089 2434 4532
4261 8069 5177
9350 9234 9036
7507 7648 5027
922 3665 5282
2561 1608 9956
6127 439 1058
8124 249 7076
9275 5834 8508
7585 6013 3258
8264 216 3898
8380 1651 8392
9262 106 5654
7069 1410 6949
5784 4180 4987
8391 4251 4922
5257 9110 686
1523 6921 4746
6182 9190 9464
4911 5591 6619
6825 6556 2057
2685 5222 3550
8465 5371 6355
3961 9567 3080
2120 1872 2730
8381 9492 1243
954 1893 651
7866 1164 8329
2794 8930 4674
9391 8719 4250
5920 6269 6463
8726 4699 5973
9931 1375 3556
5919 88 6217
748 8576 3797
5752 2660 6533
87 5469 9348
9850 9353 1873
311 8255 8081
7183 503 5961
3840 7977 5275
2727 776 7331
6456 3366 2645
4793 3939 3908
7 3324 1010
7167 1030 6902
7390 5496 429
3094 3236 1605
3058 5188 3869
4036 9585 6844
430 2621 3104
4847 2578 9258
5815 8954 31
6110 1207 8062
9686 8214 8573
195 6522 6291
3585 3687 8117
9360 9766 255
3622 5026 4368
240 8413 6073
4262 8164 7159
3197 6880 3369
1863 7122 3291
2151 7413 811
2696 8926 5767
8833 7643 5603
4884 5851 1439
7384 5380 8902
1865 7939 5088
8434 2904 9890
6080 6440 7462
8835 2506 8535
2217 2261 979
3356 8709 1312
8401 3669 1713
9322 129 2178
2829 9951 3492
8289 466 2150
6945 3137 2449
4235 4214 9308
9283 1497 876
3397 8168 8282
7494 7602 8696
6603 175 5731
7356 3487 7177
9966 5339 6158
5268 5888 8643
7021 3327 6734
8350 4385 2948
459 2798 1803
9654 4888 2280
2230 6793 9207
5987 9274 7872
6336 3947 963
1288 9980 2880
742 9512 1846
4920 6439 1198
6021 4838 7101
7569 6971 6255
6885 5586 5292
7217 2863 6119
2767 9995 7347
5403 9520 4373
2096 8299 7763
3160 2784 1083
8866 7335 4815
7742 5976 6838
4818 1518 3645
5802 7767 4538
4288 6672 2384
369 2085 9689
3252 3274 1856
2118 7879 354
1920 9837 4298
5387 5513 3624
2089 1612 4657
1187 7273 6850
6677 3839 5133
6304 8311 1106
5229 754 2259
5297 4798 1221
893 8697 4234
8025 3579 324
8550 7415 5010
7126 8036 2000
9839 2825 6551
5589 3100 4172
1936 9382 3157
9698 8166 9490
3976 1414 7446
5697 8932 6502
1547 587 8247
1636 59 2013
1513 2951 8332
3606 7398 8107
6631 3120 606
4425 4914 6132
9637 1333 5644
6924 4529 1403
1194 9239 3895
2953 7593 2814
676 6703 9273
7085 3003 4520
7690 5449 4082
3204 7604 9964
595 2937 1190
2678 9481 1167
9409 8883 2609
5553 4902 2535
4682 5391 5461
1720 272 2629
3831 3521 3088
1468 8586 8141
4630 4976 8801
604 6374 1114
9975 704 6288
1491 8781 8191
4238 8088 8227
8725 1516 3239
8729 7190 4559
4590 5411 1795
5397 4668 7806
7257 9249 5178
9211 8972 1137
3844 3164 9611
5713 9953 6062
100 7236 3144
5764 215 2325
1719 714 5304
5281 2041 2574
1783 9833 4488
8031 5621 5634
5044 5756 8520
6634 8551 4866
4058 3764 1380
706 8937 9965
682 3836 6082
3965 9139 2430
1286 4695 761
3235 4617 8700
684 6031 481
2605 1304 7161
6638 7103 9292
2648 7567 3595
7943 613 383
9499 9967 7892
1751 6033 1384
1313 9770 9119
5428 5399 8449
6592 8453 7049
6380 9638 5985
1094 8219 8633
1182 2273 9482
4104 6121 9514
7092 6674 6824
9852 1791 1964
3709 8414 7580
1815 2099 50
707 8365 9029
3722 4051 9939
6495 3561 3991
8774 9876 9058
9820 2830 8229
9754 6742 4158
3919 5404 2062
5577 3603 489
4034 2946 4045
512 1378 5938
1580 1546 4504
7472 9085 6198
4596 7087 5333
8167 9223 341
9280 7864 3494
4423 7682 7534
5262 1266 8374
3506 8017 7653
2954 5995 7952
2748 2495 2583
2649 445 8259
6686 5804 201
4722 5109 1223
8922 5136 6730
5668 4792 2673
22 7237 584
1088 7170 6702
5929 1549 7890
9791 4622 2175
7870 6773 6997
4662 3698 300
1249 7929 5527
2076 838 2083
1588 5862 117
1095 3470 1032
4321 792 4850
2311 9929 5180
8797 2567 7230
4308 9098 6453
3971 5208 5486
9586 6518 5663
6126 5295 6041
8165 68 6841
9447 7449 1877
184 5020 871
6318 5082 2078
3015 7025 6181
8022 930 6012
8252 7545 187
3591 9655 7644
1579 5897 1697
552 5091 7828
3897 5694 7136
3663 9729 6876
8245 3419 1226
7505 5877 626
8096 7515 4659
7811 821 9194
4628 4204 3593
2189 4613 7791
5972 3021 8714
104 5475 269
5662 2674 4207
9132 1433 4795
7295 6527 8689
4928 8504 3056
7080 4265 9819
8796 3298 9138
9757 2288 4410
2247 7523 868
1077 2515 3053
5423 5106 9604
4304 3817 2505
4758 733 518
4514 7555 1594
9569 1764 7649
2702 6565 9545
9705 8706 7127
6813 2568 3801
828 1776 3067
6216 1899 170
3151 3855 5113
2847 8644 6156
1692 7810 5301
7815 5772 9582
9134 4478 2826
7188 4200 5728
8771 1602 5937
3748 9970 5041
8837 973 2176
2016 985 6784
1500 7401 4187
4755 1991 3066
6160 8977 1001
4718 1898 403
2017 856 961
6225 8108 9815
9071 5092 898
5565 4473 1973
6989 2461 3525
2229 2788 9899
5269 5727 8687
8882 5522 4875
8590 4923 9002
692 2123 5870
8451 5643 4136
5342 2686 6587
3495 1342 2555
8410 7357 8243
6192 488 1551
5913 6034 3707
1614 8126 6859
3141 8650 1759
2060 6534 2782
1498 4176 2303
2180 5766 515
9703 6368 1328
2882 3848 4002
1622 495 1299
1560 277 6221
9649 4709 4079
9402 8375 1283
3721 3541 870
3706 8728 2591
5093 8999 2756
3146 4487 2081
3445 3396 5538
7641 6048 5849
2895 7358 5803
9457 3906 7516
7814 1102 5922
79 8481 4876
7232 5911 8672
3796 5599 3537
7746 5819 3701
747 785 8654
5833 8188 4314
9944 4338 6968
1866 530 3728
2570 4471 9236
109 8224 8436
4781 9021 8983
6315 9743 9821
2517 9488 2483
4134 3250 1156
9319 2765 4961
3725 8427 8383
3862 3658 1357
991 3001 3928
670 4515 6791
3218 9251 264
9832 4340 4934
773 4021 4845
6350 2975 2169
7868 8348 6932
1101 2219 5368
2114 276 1554
2404 6174 6271
1876 9680 4189
2489 7223 5733
6764 9386 9807
1478 3376 1736
218 5780 268
9278 1244 661
6240 7037 9628
1454 7444 5999
9565 6829 1436
9510 3283 9004
3675 3172 5400
6749 9911 543
2878 9295 96
5407 5128 4506
2843 9165 1686
3657 5226 2209
3802 5533 5649
6408 3253 3116
9171 2507 9245
8454 1173 5205
2344 8200 611
5660 9235 8280
9014 9626 9228
7216 987 6691
2374 6305 5709
204 4151 8944
3514 7029 5954
6496 5090 1641
8843 4635 1638
4820 1189 4706
3446 7381 9668
8260 6087 9629
8539 3073 6578
9314 1963 8996
6299 6194 1386
4223 8174 457
3552 9976 2990
4701 6636 3248
8172 3636 308
4698 2822 8607
2512 2025 1610
5013 9775 6056
2091 7180 7650
2611 7565 7583
8942 94 1133
7973 1585 3692
4894 920 4507
3885 2347 7579
1766 8197 2478
9062 7362 9633
7946 6854 3821
3226 5813 4825
3671 7862 4724
5154 1506 5984
3769 1073 4770
8144 7330 1905
9331 2576 7655
3873 4474 2759
7181 8656 3891
3752 8537 1138
5215 6629 7204
3995 9336 1541
8033 834 7455
6583 3612 1372
2958 3597 5901
2070 4836 3110
8175 9398 381
9907 1858 7182
8318 1188 7739
8468 9679 8580
2266 2781 9184
8581 6053 8808
7435 2373 5861
9330 7997 6938
1619 762 168
7396 9495 6261
8397 4038 8419
7391 4697 1113
8970 7683 5264
6998 8286 8356
3794 7740 948
7770 912 3416
8611 7050 1630
7024 7405 3496
5906 7908 6586
1896 3746 6165
1012 2664 3819
2932 7991 9287
5025 7486 9077
4413 6125 8711
880 5466 8223
1589 3813 1665
3360 559 1489
1684 6721 695
6347 3391 6853
2893 7213 9000
2836 3463 6410
4454 3759 6767
7849 230 8648
8204 7426 4303
137 9451 9961
5575 6942 6470
7560 1155 809
2683 5327 9914
2890 857 6421
8724 2735 8354
5176 9738 368
4966 3230 4393
8947 1530 2736
4940 486 2400
537 5053 2630
5497 2077 8592
1511 3716 9356
2349 5567 1993
7061 144 3321
3765 8488 957
5732 2286 3978
2389 1505 8092
4593 5384 3489
4014 7533 632
2315 6547 6723
6887 5563 4389
645 7270 1256
7264 7675 2947
2869 916 6442
4790 7481 6154
4354 7727 4968
4769 8757 9133
9074 6827 4787
3652 5506 2212
1239 3654 6249
2957 111 8769
8169 9801 1998
2125 1269 9762
2998 4221 3972
5052 7572 4650
6563 7978 133
75 1377 720
8070 2196 5392
4460 4047 3410
8897 9670 2239
5050 7169 157
233 7627 6400
2208 6354 7590
3648 2562 3259
6956 8047 4090
5487 3045 180
6904 9873 6682
6197 1273 9422
5324 3577 4409
9687 4544 3958
6111 8044 1771
5135 1840 4366
9957 2722 5004
815 729 9144
3365 8337 771
5827 2705 283
3956 3667 8325
1181 6569 5415
6333 4475 1917
6330 8503 2051
1206 7781 9065
6486 5890 5729
7595 6653 5470
2701 5484 4772
8027 3139 3562
7485 5015 921
724 2355 1211
1532 3191 3737
8251 9598 6064
245 5561 3964
5362 5776 3580
2048 7291 8530
1263 1158 7948
8744 4636 561
6595 9751 1567
1060 9354 7725
6236 8888 6597
1240 8007 3358
775 8068 7111
2597 6757 7380
9445 9454 9432
6762 3017 350
440 9825 8302
2472 8556 9327
2232 8183 7876
7737 6635 2614
1617 8600 1066
174 3485 8604
2416 4063 9724
29 7105 4720
4208 78 1338
6946 8340 7287
9564 2122 737
3373 4647 4936
6454 7628 3970
9176 8510 8040
9553 5100 2109
2295 414 1268
9056 5664 799
2027 6910 3086
5546 2589 2851
7243 9794 557
9459 780 7508
7166 1577 3557
3922 5159 77
9480 879 6251
1471 711 8809
2321 1890 6815
4043 9120 4178
8184 6507 7423
5105 4356 551
1773 3726 9669
2224 9984 4830
7537 970 6826
6220 1721 7566
238 494 628
2391 1737 309
4167 302 5356
1127 8975 2827
2401 101 7854
1673 9023 911
8002 8032 7699
1385 2092 6477
6176 3459 1205
7953 9915 9017
6114 4406 7967
3800 4601 2112
5667 7137 6229
782 442 4462
9374 7070 7559
71 4995 2553
3998 7267 6549
5289 8609 1025
2896 2653 933
8665 1477 8987
8621 9070 5430
3518 8684 4215
4680 8497 7255
1368 5948 7272
6093 9460 8445
8309 4447 8674
306 6469 6541
5345 386 2466
8773 5908 4087
1709 3383 9913
1400 1031 7839
8875 3625 2717
3925 2155 8969
5175 6651 2752
224 2774 1806
5377 1039 8507
8297 6847 7535
4864 4096 9111
2754 3155 1727
9094 3878 1779
9182 710 8737
5854 4203 2889
1999 1559 3350
1593 9364 2952
3634 3631 8921
9395 4317 9271
1260 5254 9470
6654 8528 2551
236 2308 8050
4751 1160 7985
2383 8923 2103
4150 159 1481
4436 5467 3293
3650 9734 1457
399 1202 4443
2438 1281 110
5808 8336 7581
8105 6640 6161
4956 8806 9865
2762 9522 2713
2246 7845 2263
6371 208 8524
1728 1850 5977
6952 1230 7921
1731 7135 5194
1061 8886 2680
1798 4814 8538
5512 8533 9430
4606 3932 1599
6317 1521 8371
8641 9861 1884
7250 8113 16
1258 1482 6500
4408 9290 9285
375 4549 959
6641 197 1804
7914 5569 7645
662 842 7611
1659 8985 5595
8646 7891 3783
7112 9152 6975
4524 1320 3251
5372 5739 6843
3695 4156 9549
5482 8377 5607
5889 5032 3047
5677 2181 2132
374 3829 4889
993 1880 5826
7509 3020 4274
788 4949 2590
4727 5398 5134
5970 7748 6275
2533 2121 5204
7934 2314 5147
571 2464 6780
1064 5725 3374
136 2386 3812
1667 6341 6575
9812 1842 1111
413 8409 5551
8417 823 629
6360 5974 5299
687 7202 6331
378 6965 3465
6230 1005 7221
3289 6891 1453
1808 6232 2487
9771 3422 1600
2297 3983 6097
4269 460 8571
3150 1634 7191
5309 1033 4019
8051 2437 4052
7933 461 4182
1723 4365 7881
7584 5431 3608
5080 2751 2913
5620 5280 5788
4367 6204 9160
7361 2588 6664
1583 2443 7942
5719 619 9378
2616 2418 2345
8536 8553 9781
4852 1324 5126
6537 5448 6714
7513 8570 8546
7333 6075 6345
1689 5354 9164
6377 8815 8158
9212 7068 3880
140 437 4433
7433 9749 9045
2299 5918 6298
3731 8584 9540
7834 7416 8479
5238 5246 5285
588 8326 7320
4318 4997 9250
2985 260 804
2474 6820 6262
6407 7729 9830
8963 5537 1690
7629 977 1322
4077 121 8929
8765 8739 5659
1760 3212 6559
6292 7214 3375
7799 6670 5338
2908 4246 243
2101 3097 485
2636 4168 978
9115 7301 822
713 6609 9978
9020 7344 9369
5844 4424 4583
2856 9206 6342
9313 500 1302
3372 7164 6798
3050 5934 5366
4073 7807 4533
6042 8844 2020
3176 3380 8155
3949 9151 3433
778 7392 9842
5296 2785 7735
9847 5579 67
1435 5473 7057
757 6493 6346
1519 2277 6379
5638 2117 4035
5559 8957 5115
4745 4341 26
1977 4761 7883
9161 7478 7501
1022 5217 3664
4064 9448 7821
5944 8487 8659
8238 5619 9247
8670 7174 9057
8438 1823 7067
5816 4580 10000
2706 7651 8562
329 6722 3019
250 244 5024
2068 8853 5459
2795 2690 6140
1382 843 8298
2934 2336 2287
314 4107 6282
7762 1624 1349
1502 2575 48
9051 9390 4756
9835 4306 9858
9933 1430 6417
8327 9672 7459
4800 6311 9232
1668 9130 7096
1839 1698 6086
3316 1374 1237
9208 1924 4016
7922 150 1043
4344 789 1959
7671 2111 9310
7327 5798 7225
4441 881 1361
8470 3346 3242
9473 2963 7113
8142 8842 8505
9682 4569 9370
3132 205 4503
3594 7348 5645
3679 5505 9739
390 9069 1176
6133 20 305
1824 7608 7316
4188 4933 4059
4418 850 3051
3081 7882 3473
3963 42 4796
472 1813 3621
8194 4813 4302
6698 3923 1408
2188 2285 2766
3089 5330 7304
9607 8256 4513
1984 9503 9968
4577 5927 2849
8658 6157 4336
8395 9423 3575
4446 7154 127
8478 6613 6222
7134 3613 7578
9588 2413 4938
7386 9605 9458
1023 6413 1819
6007 6969 6202
8910 4461 1701
6783 5830 5939
6070 5148 9987
5259 177 9145
1746 6621 3177
8213 1204 8778
261 8344 2910
9828 3159 2451
8694 6134 237
2695 463 8150
4484 4883 6455
7619 2187 6807
1582 5344 203
6888 2380 2650
8647 90 3993
4971 5904 8189
2712 6521 7282
4181 7592 514
3858 943 1340
9518 9329 3363
1874 1472 8869
3762 1389 246
5493 9424 3441
7322 908 4861
7276 9895 1706
4378 2456 9960
4859 9648 2876
8865 2608 9306
7738 6092 9581
7573 9011 7142
3980 6895 6276
1937 8500 1931
2991 4243 6996
5673 3529 9174
3105 3770 9534
4905 9681 6319
2376 8160 7698
5233 3929 4555
4954 2500 6055
5661 1940 57
2821 6131 2026
3143 2564 7447
5343 6398 3599
7311 6278 772
567 8455 4281
2691 4708 3280
6153 925 3943
6484 9840 4564
8742 115 4437
5898 2984 5705
411 845 8988
4279 3328 6378
7886 2110 2548
9587 5670 2620
5809 6068 4571
2554 2865 5185
6796 508 7909
6283 1161 8269
4434 2864 3646
8925 6724 2714
1049 2194 2885
3108 4483 7647
9444 4870 3326
8545 9434 4290
5583 947 4450
3957 2370 4360
5519 4887 2719
6626 7919 7138
7422 9362 2393
5066 6449 5355
4578 2005 9344
6860 9282 4123
6279 364 4449
3902 6901 8895
220 3310 397
4065 3113 8456
6057 2251 8693
1982 9157 2858
7861 5046 6935
7896 4183 7260
3630 9879 2470
5300 6868 5738
7707 3853 4227
3008 4942 6148
853 6367 9037
2488 4387 3320
1879 6947 9468
4829 1944 339
5683 3016 6607
285 4386 7536
1470 7924 5019
2805 7531 9104
3662 3683 3877
8828 6809 9231
3411 9600 4957
6058 685 1257
8316 6312 8221
3935 6759 7238
7851 3504 9508
4362 5718 4780
9059 7826 3685
6252 2692 8990
3697 1444 9240
9591 3901 5062
3598 6692 2157
3755 7867 635
679 9181 6290
4576 4853 6393
421 9640 4080
5900 640 2139
9118 7621 2435
6890 3387 5101
9436 5158 5457
122 9243 7269
7957 4305 1664
6872 6980 2658
4256 4056 7844
8009 9193 36
2587 6381 4078
4420 8074 7547
5675 3982 6982
4147 8841 1294
8432 7597 296
6554 6096 4083
2873 3861 1076
2218 1098 6906
8118 4294 2557
5331 3493 8934
1820 9572 2550
6491 5717 9335
1747 4470 2432
8312 2888 9740
3962 7259 9053
9407 6582 1745
8490 7066 4190
7966 4930 601
8198 3124 1955
2199 4355 4978
9048 8645 6253
2307 3700 6106
8261 2450 8085
2098 2097 6657
2763 7907 1415
8898 5928 8541
2837 8756 3344
5796 1656 3899
1029 5674 3184
1126 9823 8119
8626 4476 8246
4137 8692 1222
7710 2173 6611
1748 93 839
3393 952 8024
8263 7836 1265
9199 9532 5123
8368 2656 2894
603 6003 9324
1373 1990 931
2546 9712 7969
4625 6957 6917
2999 6187 7605
4395 8054 1196
6697 217 4142
6167 4834 6320
9269 9763 5726
2045 9461 1552
7248 7873 1712
2433 2215 2681
1050 436 3555
1980 3893 5988
6339 8058 158
1000 2115 6591
7005 3718 337
689 9426 4996
7007 9523 8429
5294 4591 8139
4463 536 1915
3628 9772 6846
3428 2651 995
6485 4359 2807
8267 4980 8678
1212 8149 9949
5602 8826 3754
7253 9808 4115
5805 9328 6806
8891 8004 9079
6987 2425 8234
5256 156 3942
8029 3014 683
9884 8671 8412
5734 1411 3912
2510 6361 3418
8390 4307 6043
6601 2818 7820
5244 6828 2747
3405 6011 7697
9684 1510 3696
8082 2641 9997
1976 8405 5103
7314 8568 4348
2059 9502 6625
8565 8639 5160
7120 2627 3412
8794 7465 5801
6992 9392 8555
3186 2412 1781
8220 6403 5528
6753 2741 654
2333 6100 1253
4738 6356 2665
7685 9716 9892
3370 7306 2227
8751 7047 830
9936 502 3572
1571 902 295
6719 9644 4803
9704 9614 4687
4774 3560 9291
422 569 7115
8786 4144 9158
3479 7477 9813
362 9883 231
3325 6927 4008
4536 4248 3633
2462 4505 1314
7420 7006 9972
8485 307 6284
5492 5526 8277
7785 7060 7385
3264 9943 183
1598 2033 6273
9188 2901 2008
5991 2919 3136
7430 207 1330
9216 2547 4638
3747 1790 6452
7019 9396 326
2275 2468 7869
869 6226 8512
7524 9303 5771
5038 8140 7778
5633 4919 586
81 5369 9302
3583 3126 574
3710 7184 8382
4125 353 9589
622 768 92
6984 5557 5416
3462 2646 225
596 7352 5207
8640 4878 3617
2624 2276 8935
8335 723 1485
4070 563 6525
8406 357 2130
1321 7140 9900
3117 5388 8874
5878 4717 5531
9897 2982 1968
8928 8789 1027
279 2539 6208
4010 4066 4676
2168 6896 2903
919 6063 4950
2231 6710 4561
6870 3777 8579
3007 2558 793
2945 4407 2348
8019 3307 4017
5273 2538 3581
3223 7964 2244
1419 3740 8210
3189 4327 6268
420 532 8230
4807 6861 1587
5777 9299 6206
2228 7252 730
2504 3286 2944
6457 6632 2006
1938 1666 7784
817 4278 1016
9990 3781 5965
3730 8400 1438
715 1120 1531
3798 9403 7171
6392 5341 7552
4416 1923 7399
6958 388 9333
9368 7354 1201
258 7487 8285
2682 1352 4155
7212 9985 4734
2802 4377 6458
8492 7640 7310
3749 7457 9511
4903 7594 5946
5647 1962 1903
139 181 984
7377 5251 7083
4512 4371 6032
290 3332 1645
4342 9662 1004
1789 9186 1123
740 4106 7743
8360 1183 4551
2394 404 1930
1861 2973 3903
2789 4347 3340
791 7530 8331
5857 6892 313
3866 3426 7368
3803 9789 5518
3000 4848 2967
6973 2343 6800
9487 7800 1246
345 4537 9741
6364 4711 2056
1762 909 6387
8393 151 9563
888 4849 3887
5702 9590 7848
6239 3163 6193
5328 8627 6297
3497 4421 3534
8056 736 7582
8052 1844 9841
8480 1147 5690
5288 8877 116
2460 6351 3033
6739 3464 4992
2596 8043 5778
9848 565 1026
9537 9974 4527
8984 3875 6473
9923 5456 9798
35 806 3635
5179 3686 8993
2163 2819 7688
4495 6494 7543
8834 3741 3827
8788 3246 6618
2035 1448 7852
9783 7556 540
5337 9702 3271
6348 6365 847
7319 4715 3871
124 6352 7646
8847 9583 1916
3178 3472 1476
7753 5029 2331
7936 9326 8262
8587 4191 3384
7256 5712 9803
8861 7732 130
5596 7634 2282
9643 648 6328
5198 1455 1715
1483 4364 4517
4353 602 8884
866 8655 1452
4464 2093 6472
3638 7367 9146
1371 5960 4140
7017 617 2044
669 1555 5737
5021 7389 860
58 535 6802
1670 3910 749
3659 7720 542
7297 1911 4690
4684 3615 6266
8509 3294 3643
2619 1718 5462
5657 7603 9107
2709 3596 5541
6301 3539 4719
3483 3185 3717
3639 5720 2801
9187 6976 2667
4926 6059 2010
6570 8856 2755
671 8747 3090
1115 9742 1584
2304 5884 7544
8594 1538 591
665 2289 5161
3526 4164 6308
7577 4804 4165
623 3394 5047
9041 1184 7203
9125 6286 9484
8547 6955 2513
4553 468 8349
3330 8268 8448
4907 3128 3568
1812 2397 118
482 9191 7009
7747 6986 5077
9169 703 9656
1691 8353 4319
7350 1488 9466
1020 4220 2960
3778 7813 2516
9948 425 3905
9380 901 3309
8415 5111 6002
7996 564 1116
7125 8857 7570
8132 1901 3134
7234 2042 2387
1143 66 6010
5618 9795 6411
2233 6138 593
718 4361 4124
7059 5210 6412
9826 9416 1537
1986 1835 8319
6614 4634 3317
3791 6535 4061
7315 7467 1994
8727 4216 9517
6426 2145 5442
3732 2996 3109
9528 5490 5655
9894 3027 1507
2140 2346 6265
7484 5684 5287
2868 9078 5860
7460 5606 1785
9 9891 722
8090 9226 3200
6874 5137 3724
310 8196 3404
8133 2459 9862
9316 8502 2320
9192 3984 6999
1291 265 7965
9259 4131 3168
5529 3099 2776
4768 891 4193
8893 3165 4639
6766 9910 2582
3694 8283 8152
9601 9440 1603
9863 582 4313
4737 4811 8518
531 3406 1520
5174 6585 5548
1562 7445 2859
9696 5201 1648
678 8187 4869
2623 7773 592
3279 9137 2642
6404 2279 3005
5741 9413 7718
859 4969 2160
1708 8675 1306
271 1525 6171
8086 5601 5642
4594 5455 1867
7064 432 6006
8632 1252 8114
1845 796 1971
7148 8939 6771
4991 1946 7842
2541 8469 8307
5632 6770 3644
7226 6101 1387
476 7766 2258
1358 4890 6488
9365 3078 169
8398 2852 1307
1145 4750 7749
5436 4186 3768
4748 9148 6376
3913 7448 969
7970 2771 76
95 1399 681
43 3503 884
9022 3031 2725
5421 8474 2716
1499 4508 4828
9959 7568 8720
1416 7550 3807
3392 2726 3691
60 8916 73
3359 465 6801
2884 7132 1724
3775 1618 3743
4015 3806 5394
8231 178 9836
2294 1480 3043
5364 1878 3451
9384 8814 4024
5759 3270 1818
9489 4163 6416
6295 8450 858
2942 8736 1165
9367 3772 9905
2079 8038 9265
4296 5140 8513
1711 8306 1247
6588 2531 5206
2887 9101 6289
7042 7470 6862
3167 1261 9195
867 6669 6680
9155 2497 6385
398 6023 4013
5322 8080 3704
9108 5782 4563
5832 5199 5284
9288 9044 8718
7700 5352 3524
805 4917 7994
1363 251 1566
1780 9443 5578
9286 3753 7947
4842 7853 5581
9921 1663 9446
1700 2666 4154
8034 8790 4871
1757 2796 1466
9557 3127 701
1782 9608 6953
2452 9942 4886
4857 9089 7962
6129 8901 7321
7620 6768 4209
4685 8606 8881
1132 6446 5439
5239 7312 6077
9419 7528 5094
9242 5458 6536
4585 7035 3381
7108 894 4994
9244 2739 3296
9136 5517 7525
6616 548 5096
3345 9715 3281
9008 2154 433
6877 9647 4747
3390 5584 1749
8065 5590 6948
6254 471 2342
9622 8265 9872
9178 1738 3300
6650 1210 2955
3520 202 1432
2902 6835 1939
7714 6985 2153
5107 70 4862
8321 1685 8207
5678 8914 9116
1509 6098 4547
7974 5874 7176
6647 9994 3115
2136 5039 612
3488 3804 447
8021 6363 3424
5426 2378 9612
1157 4627 5873
1830 8723 6256
3355 8961 9721
1809 7365 6432
1678 2637 4610
6941 6228 3900
6513 8293 3471
2064 4491 9435
2440 7642 3308
5597 9999 7932
6738 4268 7858
1841 953 2655
4710 8941 6776
6234 7493 527
1245 1148 1765
4989 8710 9061
5503 5998 9105
4941 8613 7409
3386 918 7473
5271 4858 7730
3101 2036 6510
4605 4201 4171
976 8848 6930
8484 4091 2833
2422 3499 3211
3570 5841 1402
4970 7955 7632
962 4225 7901
8359 6245 8301
5587 5064 6531
6099 3729 6823
5078 2524 6322
3060 356 9289
936 767 6894
9421 8705 1626
1838 3739 2252
3267 9690 1462
5087 7522 8952
4789 6571 7615
2634 6499 2704
646 8087 4118
8953 8635 5474
8819 3057 7937
4806 5792 7905
7679 5617 3201
7151 9351 6816
7696 7809 4819
5511 6912 1362
1228 8572 4681
5956 410 928
2745 9092 6169
5504 2316 4600
2337 1852 5926
1543 7622 609
9297 5604 6717
9799 2142 9983
7777 8 5993
1658 8106 8994
6017 3508 3062
4275 6720 7911
873 6196 9404
1649 9717 1090
8363 917 3576
5530 9175 7045
5510 4952 6913
1170 8873 9827
2108 9343 6598
2668 2457 1572
7768 1056 6608
6005 9877 86
1272 9986 4260
5955 2700 8287
8147 464 3876
4489 9267 8552
8059 3353 2989
4740 3431 6950
6195 8563 3011
5770 831 2604
4031 2131 6782
1892 155 7609
2961 1037 2872
6922 8239 6418
8104 1671 1021
6765 143 6777
4840 1309 4457
9026 6576 1048
8000 1810 9214
4521 5671 1650
5986 7078 5434
8161 6091 507
8506 1131 8115
5247 3182 7586
134 8358 5156
2007 5614 6665
2530 9962 9332
4648 8072 2442
9618 974 2586
9381 8501 1792
4916 8593 5007
6573 6247 2841
8159 2369 5383
4612 2907 6596
6465 664 7993
7859 4114 3564
971 4442 4900
3680 8135 2986
5696 534 5476
7245 2599 8403
4786 6139 9472
9831 347 3484
7313 9866 8854
9103 1699 7716
6622 444 8179
5219 2221 1152
2274 9095 2552
6858 3918 4485
9140 7160 1734
409 1008 7502
2264 8933 9810
5958 7506 5797
3708 7712 4372
7702 3091 72
746 7233 3699
5807 1332 8313
2436 316 428
4516 3760 4760
4458 841 8426
8625 3028 6369
3843 6848 6383
7224 5806 6123
3959 2534 8863
4145 235 7343
3319 2943 492
539 2133 1948
3571 5540 7503
4918 7020 2718
6883 3592 4166
621 38 634
6964 3297 8291
1136 1758 5887
4068 8748 2328
9506 6599 1401
2417 739 9720
1390 6095 6671
835 2644 6694
2521 7464 2191
4028 2845 9003
9651 1235 1754
1967 5477 9971
1413 1423 4948
4809 3385 2883
8304 5063 6792
3975 8217 9024
3610 3736 7837
5866 2926 5545
4379 3587 4054
7303 1316 7920
5085 5181 304
4550 1814 4963
5315 890 8136
8443 7625 2737
1821 8439 3238
4990 5790 9427
4403 1595 4691
3111 7672 8226
8851 7090 2423
4998 9529 5896
7117 4808 8669
6545 1768 4817
939 1458 8782
2491 5055 855
6334 4272 6428
4602 1615 5349
4069 6026 6836
9496 5409 8517
8964 5536 3641
3265 2870 9570
2971 8138 3049
4324 1345 3311
6750 8548 7591
5358 6747 4749
4784 861 875
2290 9793 2523
2367 1159 5429
6144 7983 2529
1693 3046 3888
5909 4316 2905
2618 2917 3170
5453 9780 7532
3388 6104 1687
8879 7774 1169
2936 3103 1163
521 9379 2508
8061 2206 6004
6047 9073 9433
7658 8661 6529
9498 2080 4110
7607 8516 7428
4239 4435 544
6102 795 3220
8012 9973 2476
5170 6014 4326
8549 8023 3034
8531 5652 6420
3554 3334 1679
6905 6448 2602
4240 9901 372
9300 3065 7360
9301 7329 7369
5155 5682 3999
3682 212 7337
2257 1407 8473
4666 3096 226
7887 7400 5825
4788 8467 8840
1341 6831 3469
8566 766 2074
6539 7427 5502
8464 8110 4219
1214 1864 312
3666 8388 1843
7539 668 15
6149 5558 142
7022 8708 5574
8039 2496 1883
1947 8519 716
2654 9438 8384
3292 7458 1003
9465 5084 74
3075 9797 1716
3133 4060 7713
7906 1054 5850
1224 9449 2485
2787 8067 1409
8011 293 165
9782 1019 8476
9898 1860 3604
1932 3784 6511
327 1108 8345
5216 3234 8603
2879 3102 5446
1104 7153 5110
2253 3070 3758
5302 4469 9261
8871 332 9784
6065 1914 9339
2043 1323 8968
6050 7667 3278
3036 3820 6512
6281 7652 2647
5761 666 3989
8938 5556 363
8018 5750 5651
2601 4851 1822
3408 9639 7406
4072 5743 9539
3513 989 8495
4665 2439 4046
2358 4177 2808
8346 194 800
8006 8209 30
3979 3228 8896
2669 6188 1055
2780 1945 7637
2810 9870 9602
3838 1099 5034
2482 9185 2301
5879 7088 4764
2003 5535 7998
7109 7281 7928
3237 4731 2786
6644 3198 9038
8992 7711 7336
2915 3981 5740
5781 6538 9442
3763 6307 5332
7903 2929 8662
1817 1926 2965
5402 4169 2102
3655 999 6978
8979 5814 4039
402 1681 6199
9399 6508 4743
8752 3602 5532
4266 9938 3952
6540 7178 259
7033 6001 6704
9405 8351 1397
618 7072 9080
8798 3856 7102
441 4775 7684
3600 1369 4631
2185 4477 2815
11 4394 9613
8931 8860 2556
7630 5831 6103
2778 7654 3456
2335 4392 1395
7471 6811 9385
3933 9357 4374
7612 566 4557
8341 9912 3988
1661 6684 1014
2545 5894 863
9418 9068 7364
4345 3761 3478
1625 1891 2753
6610 8811 9963
1918 783 4604
6658 4646 7989
8035 8716 1710
5209 8629 1717
7916 1284 1013
2256 2049 8924
1117 5408 9281
6405 2978 294
506 6083 5395
1254 647 2338
2844 1053 9113
7288 2379 6837
9603 5891 2037
8998 7715 6581
7179 9109 1829
2977 3118 1350
8730 9389 6746
734 5081 3805
3453 5422 2327
549 1575 2993
2912 1105 1398
4119 7633 3870
4292 8673 8094
6711 2161 270
2395 5252 5636
781 9769 1335
7574 9854 5276
2200 1591 6277
1950 8763 6911
2708 1769 4026
2628 9042 2536
4492 5079 5014
3130 6211 2983
1613 4497 3193
7764 4664 1326
6936 6612 5488
5940 5746 2330
2743 8971 1640
4558 8411 7995
7874 2183 3389
8740 7723 1381
3156 5700 2923
2220 8776 5876
2399 287 8685
1590 6751 5858
3064 162 9596
3072 1118 7307
5775 9485 6893
5933 8792 5028
3357 5568 7616
6772 8688 355
9531 2764 3187
4732 8015 9683
5150 5646 878
3547 8951 7346
9277 1298 3079
1897 4071 9090
7278 3322 8233
6357 3660 4782
2969 1364 4426
2572 9452 5768
1085 5162 8225
4108 2126 7015
2455 6061 8894
8330 6756 4086
9650 4370 5886
7411 4592 2028
4946 2800 5572
1596 8199 3154
9736 46 299
1729 4895 8037
7931 7913 2396
4346 9706 6515
1778 7084 2659
5910 3022 182
3092 6503 5847
5195 9198 8248
5265 6433 7613
1129 7013 2262
8308 284 475
8812 4467 9908
3338 1501 3063
0 47 8805
9727 673 6399
7775 3509 1024
1805 7000 8228
1301 2631 9453
2260 8735 6731
787 7200 3199
5184 6113 1655
5848 8620 7789
1832 6078 2405
6959 176 1278
1440 8112 4656
7397 1424 4841
4739 2210 3153
9406 8250 7289
8955 3563 5277
6402 3773 3688
8638 2354 7149
34 6107 8666
1465 3377 6066
4812 8839 114
1343 6679 8820
3447 3573 2411
3589 3627 1344
9745 6177 1310
9205 8151 4339
9806 8889 9893
7443 2107 3162
5225 5274 6303
5520 4179 4218
810 1275 4632
5769 9431 5389
7046 7756 2052
6227 3955 6869
4725 6237 851
9246 3656 5762
9554 4397 9525
8369 3476 5153
7419 8338 7012
8943 7379 6706
8823 9676 6700
8779 9129 738
1267 2846 9361
5336 6270 4528
8940 1657 4993
2838 7014 9774
2402 1337 5125
6143 1388 4827
1197 4099 7016
6294 9947 3401
8949 9450 4095
5420 1662 8078
7689 9238 7900
7829 2388 9818
1122 84 7600
6390 7623 9035
7124 450 699
9209 7175 3329
3668 6995 2857
419 9363 2988
9019 2940 1103
5622 1859 4
3318 9765 9204
9609 960 2144
8876 7147 2226
1392 9033 4398
5855 5149 2113
242 4974 9072
8195 2375 4899
2962 9325 8486
1886 7429 7231
2193 3787 4913
8120 6579 1539
6617 4127 7442
8890 4102 8097
5582 9491 164
9855 8257 4897
8129 190 6215
63 763 1601
3295 8559 9709
496 2812 2761
1084 4988 9804
8601 6919 7857
8567 9577 5253
4456 3774 5056
7639 4620 7150
9730 5892 9723
6817 3751 1264
3364 7099 6991
4910 8602 2974
3098 5143 1639
9888 8680 5626
1081 4254 8244
4391 6467 8529
8695 6155 6460
5099 3578 6419
3653 4567 7119
1609 9476 3809
2494 9387 658
7332 7788 4651
7308 9500 5234
1683 2959 3217
8624 4259 1412
4217 6833 4654
1036 4351 5774
1676 2875 5941
2318 7831 8314
3927 6615 8328
9507 9127 2493
6316 2775 4479
2721 2897 2201
9652 1578 8272
8098 3618 525
2332 1236 5192
6886 1009 1179
5605 3789 6839
7636 7930 9081
7041 1974 5065
1801 4197 2421
385 6740 7755
8236 3629 6258
9675 3946 4205
802 1775 3444
8005 2381 7450
732 6150 5653
5114 234 2174
8707 4670 4810
3349 8677 2134
8177 6781 2254
3569 2861 9086
9180 2238 239
6115 4573 8222
926 7395 3285
5306 9156 2710
3142 5483 824
3996 8738 469
7483 7285 412
9001 1162 2824
1174 12 5608
2920 361 4587
6397 3681 5227
8885 9284 5351
8457 636 4009
4287 424 5745
4284 2447 4982
6373 6071 5131
4677 7222 6414
3607 2676 8173
5267 7865 5346
3225 6391 5406
7917 365 5704
4138 2585 8075
6584 8770 8176
6852 533 4863
4143 6264 8073
6164 321 1421
9123 4518 9189
4541 2525 3818
7418 7338 267
7614 9632 6471
3934 2689 5724
6951 3227 2938
7927 4129 659
5681 1216 3588
3095 2002 5992
5460 9227 2537
8597 2911 7703
7728 6434 2137
2987 4100 5580
5947 8472 8783
2976 5751 4614
599 6752 9347
5279 9849 8181
8904 5235 5950
8900 6849 325
263 6643 6242
6929 7168 7787
8156 9616 2860
3966 777 9834
8143 5410 9993
9996 4496 819
8702 9714 8846
6321 9874 336
4055 2992 7772
9270 2867 975
3244 7817 3992
1606 3987 7765
7162 5994 8180
4414 5560 4767
4694 5464 6834
4663 4157 1536
2429 1966 5763
8237 9750 7676
449 2724 4301
65 9711 1028
7492 3619 4333
5249 2106 5715
4510 266 2842
8274 3611 2509
8543 8099 3215
8663 934 5689
3029 9744 5260
9573 3553 9700
5840 4530 8754
3305 7235 3276
8583 7606 446
132 5151 9276
9859 7004 4194
8303 5258 3275
813 4693 241
4975 9346 4931
4672 5703 40
5539 3024 6928
2479 2492 1868
7941 1831 192
3941 3038 9463
1097 358 8787
7031 6652 9355
1459 7323 4951
198 5104 5230
5641 2047 5823
675 6879 5864
221 5095 6223
6109 7990 1379
2272 6029 2465
4161 1443 2610
7575 6716 7030
1370 3119 1282
8146 6605 8279
3352 7475 3879
418 6907 1315
9541 2211 2410
2772 1093 8855
5097 7300 3860
3779 1935 1621
6604 3566 5853
6961 6688 9625
9005 4084 7201
1744 4245 3044
2657 2481 6172
6857 990 7968
2415 6504 1654
1241 4286 9533
6 2698 4159
6325 7317 8986
9805 6145 7342
7662 981 6079
9619 8526 7286
9141 9615 5594
538 8440 8127
6600 3528 616
7372 4334 2055
8704 751 3455
7617 3766 504
3502 9501 61
5760 5828 278
3990 1250 3074
3661 2914 8324
2711 8418 2069
756 5172 2532
3240 2177 1774
5145 2612 431
7339 7731 8458
2241 6864 7904
438 3865 7144
6313 9566 3287
9558 4958 1191
9341 9217 1096
7441 8681 392
5964 9229 7938
2874 2661 9143
1295 2916 2184
1987 5691 3032
9166 3434 4383
5119 9928 6190
4944 1703 2981
4752 9100 1461
3272 1082 4121
2313 9707 3968
6678 5787 4133
3040 232 3738
5524 7054 3678
7277 7950 8755
9352 4843 2594
6988 3339 2124
1682 693 7107
4025 4953 3907
1847 3205 3790
955 6990 9183
5382 3232 1653
389 6090 9222
7195 2670 652
1927 4618 3093
8962 7262 1425
393 7980 8912
3810 4705 5390
5224 2732 9950
1623 103 9298
2357 7981 8542
6690 4472 8956
6459 4615 1317
2029 2598 6774
5480 319 8761
3536 8762 7158
9471 39 8899
6358 2182 2768
7665 7468 2011
7079 6712 1933
1965 4675 6173
9401 5576 8425
9597 9595 9486
152 9257 1660
3985 3510 334
23 7846 2593
1564 3640 6602
6035 726 2544
5478 9012 188
4945 6755 3938
8442 2792 7023
8862 196 4556
656 2760 8428
3974 7757 4860
4132 7897 9843
1985 4548 8153
3684 2403 4937
8240 6530 7073
4566 4892 3041
9665 3833 9982
5139 6482 2406
9215 2143 4735
627 6725 7803
342 9559 6718
8521 7588 8793
7786 807 4280
9253 9375 2364
5167 7987 4762
5952 7173 5186
9930 7387 2950
1171 8721 1186
1199 5310 6754
5424 2924 6748
6532 4835 9142
3720 8960 7309
9425 3826 1044
2424 1018 4927
7437 3379 1800
8057 3025 6049
8818 7519 8630
2607 1292 2414
4276 5454 8373
2803 4146 6994
520 5902 52
166 2606 2365
2811 3616 4598
6916 5969 417
3448 558 7374
1218 9560 8772
7491 4445 6186
7424 883 3674
9230 8800 8300
9124 8461 3719
3883 7026 2970
6067 5067 9677
3233 9076 406
4349 3551 9758
8077 6795 7992
9701 9800 7708
7121 4535 274
2448 597 1331
7554 5320 4149
4552 3782 3209
6799 7299 85
1052 910 3055
3224 3512 2100
3477 816 5817
5989 3872 4854
3712 3247 2790
3301 9860 745
1534 2172 7571
5086 8211 3951
8734 97 8616
9661 3533 7796
8258 2245 3745
2928 705 3535
4192 5070 6743
112 1447 2446
8619 1870 1285
6882 2892 423
1535 2022 340
9256 8598 82
3450 951 119
4350 4376 9358
3703 8974 8946
8241 667 4076
3460 9456 1972
2522 2334 2326
9504 2444 3415
4382 5074 9733
3558 7186 2638
7889 9988 1514
3449 6736 8232
1882 3210 5869
4369 5386 5124
7659 456 528
5057 4141 7359
99 8682 376
6201 8444 400
9617 2292 222
4906 5921 4053
7951 7666 9305
7328 576 8310
451 8201 1151
5108 5573 2082
1504 4162 9856
6178 8462 4765
1515 1227 7750
6037 4832 9294
9388 3125 1512
5842 6797 4384
8802 7249 7761
89 7383 1479
1047 3012 5708
7551 3780 8063
1229 478 5485
56 318 7081
2038 848 9200
3744 2067 3582
3474 7540 4332
9885 8049 6475
9241 2046 4881
8433 7028 8766
8892 5714 1130
9747 6052 1816
8915 7557 2671
814 360 1146
7209 8514 4644
2939 7052 1904
8296 2891 7915
5821 6189 3620
6593 7902 1270
8589 1426 6517
9941 2382 7719
6701 2249 4253
8731 1015 4757
4785 3649 1296
6489 6567 6175
1988 5432 4093
4826 6699 2617
5367 1311 8203
8676 1929 303
8713 5495 10
1287 120 5856
4534 7453 6659
7129 1900 7498
7393 8838 9162
7888 764 7670
5979 3314 4297
9824 4130 7482
3303 9027 2269
9474 7279 2214
4271 6444 6637
4451 1569 929
6285 9309 5907
5237 519 6362
2434 4846 4226
4532 7063 2866
8069 9575 8746
5177 2458 1855
9234 9467 7706
9036 5793 594
7648 6084 4935
5027 3458 8103
3665 3337 6124
5282 3152 8137
1608 5425 9955
9956 5054 4486
439 5243 556
1058 5748 37
249 641 3304
7076 5396 5385
5834 3892 6028
8508 1696 1912
6013 8743 5916
3258 4363 9345
216 2278 291
3898 229 677
1651 6803 5146
8392 6663 1289
106 1761 4411
5654 7885 5370
1410 2728 3546
6949 6108 4882
4180 1490 3859
4987 3306 2569
4251 9415 401
4922 3261 3950
9110 8253 7793
686 7008 5098
6921 5624 5221
4746 1992 7976
9190 4574 5872
9464 2603 9321
5591 5326 5865
6619 5319 5340
6556 2633 6925
2057 4898 9177
5222 6543 5882
3550 923 1469
5371 5031 3632
6355 9699 5311
9567 3076 927
3080 1166 453
1872 2065 1807
2730 7838 631
9492 2744 5283
1243 8215 352
1893 4653 13
651 9030 4965
1164 9663 9429
8329 633 5957
8930 491 2270
4674 9279 6257
8719 7898 6871
4250 946 1274
6269 3793 2170
6463 5837 4947
4699 4263 7694
5973 5753 484
1375 7657 9296
3556 7589 1828
88 5686 8387
6217 5623 2925
8576 1979 3623
3797 7518 3690
2660 3071 4040
6533 8652 2886
5469 4960 605
9348 5824 797
9353 416 6179
1873 949 6501
8255 2306 2293
8081 9220 9509
503 3822 4985
5961 8907 1644
7977 6478 9202
5275 4712 2341
776 6483 9786
7331 2363 6359
3366 3517 4459
2645 9091 4004
3939 2840 7254
3908 3849 3705
3324 8905 161
1010 4041 932
1030 575 7074
6902 5818 9755
5496 6137 9593
429 5401 7724
3236 480 5005
1605 5427 62
5188 315 6566
3869 7804 2207
9585 8991 3835
6844 434 1607
2621 8816 5489
3104 3904 493
2578 4703 5083
9258 5914 5168
8954 4744 8192
31 790 7561
1207 7841 1347
8062 6667 5
8214 7624 1232
8573 3673 8154
6522 6855 9759
6291 8459 8622
3687 9746 8829
8117 572 6122
9766 193 5564
255 2733 470
5026 1909 9992
4368 9934 1042
8413 9871 349
6073 7324 2909
8164 4658 3069
7159 9636 377
6880 1875 4904
3369 2566 8623
7122 1431 9025
3291 798 3953
7413 3960 5499
811 1925 573
8926 4799 6210
5767 7345 5543
7643 8003 2707
5603 5112 9817
5851 3920 4122
1439 1011 2147
5380 7055 8205
8902 4212 346
7939 7546 9767
5088 9725 4438
2904 9927 6814
9890 5695 91
6440 4589 5240
7462 3395 1743
2506 6524 7198
8535 2906 5742
2261 9515 1826
979 7680 9349
8709 3501 6685
1312 7001 4160
3669 6406 7172
1713 1997 7131
129 1753 3351
2178 5710 2662
9951 8995 9764
3492 8911 6689
466 8636 6415
2150 8102 8447
3137 7469 2135
2449 7438 199
4214 5379 6760
9308 6248 1072
1497 1633 9359
876 5045 8362
8168 8527 6761
8282 5468 7034
7602 7454 3867
8696 4247 511
175 1996 8582
5731 4565 4325
3487 379 1797
7177 2663 5321
5339 708 3792
6158 3830 4452
5888 6425 394
8643 2677 4007
3327 2427 7156
6734 2581 4607
4385 1110 4730
2948 4401 9785
2798 1652 6819
1803 2469 4597
4888 458 7284
2280 8498 254
6793 2480 6845
9207 4419 7562
9274 7355 2317
7872 5152 4791
3947 8745 4671
963 5895 7527
9980 4241 4542
2880 5592 2723
9512 3816 1178
1846 4482 1787
6439 7899 8322
1198 3183 8540
4838 1144 614
7101 51 9606
6971 1913 1752
6255 8836 1556
5586 2298 8016
5292 6970 113
2863 3590 4174
6119 3107 2309
9995 6020 5658
7347 6661 7497
9520 9710 3637
4373 6821 7875
8299 2164 1062
7763 9845 833
2784 6642 4545
1083 6191 4885
7335 4824 4412
4815 371 1527
5976 443 2366
6838 6627 415
1518 4126 8817
3645 9323 5983
7767 755 8394
4538 7436 1080
6672 3527 2675
2384 3323 6974
2085 1125 6241
9689 9946 3519
3274 7910 333
1856 4619 3249
7879 5049 8605
354 6209 1069
9837 1632 1957
4298 7394 4624
5513 5068 4766
3624 5791 7461
1612 5378 1503
4657 2072 6594
7273 2030 1725
6850 4267 280
3839 2063 3467
5133 9624 672
8311 3481 7792
1106 735 3531
754 5912 7290
2259 474 5707
4798 3378 6464
1221 5786 1833
8697 1355 2855
4234 7187 4546
3579 5381 6036
324 3112 7325
7415 3257 3343
5010 1704 328
8036 6728 4233
2000 4030 189
2825 214 9377
6551 9170 2758
3100 9864 6244
4172 5615 2622
9382 6203 3733
3157 7959 982
8166 3302 3522
9490 803 9691
1414 1799 3077
7446 1770 252
8932 3161 4027
6502 3398 6705
587 9878 9756
8247 9400 9196
59 1087 3367
2013 4679 9237
2951 3435 9543
8332 1177 7363
7398 5018 5810
8107 7840 3973
3120 6163 6016
606 3475 7918
4914 8148 7412
6132 4358 5963
1333 8668 1434
5644 688 895
4529 610 6660
1403 690 3203
9239 5544 3676
3895 1495 6231
7593 9462 907
2814 7726 7410
6703 1533 3482
9273 2484 5758
3003 5571 2997
4520 6914 5218
5449 9293 7830
4082 1233 5441
7604 5313 3542
9964 4402 7474
2937 877 4396
1190 5711 2527
9481 9315 9318
1167 3403 7100
8883 9218 9493
2609 8758 9312
4902 6954 2715
2535 8660 3491
5391 9131 7736
5461 2848 5656
272 2930 9779
2629 3771 3538
3521 4502 1446
3088 4270 8989
8586 4400 6170
8141 1576 8950
4976 2699 8637
8801 2061 8379
6374 4584 9610
1114 9969 3574
704 5609 2284
6288 9592 4012
8781 9634 395
8191 4206 105
8088 8266 8690
8227 4092 5451
1516 8416 6246
3239 7771 3786
7190 8631 3540
4559 5494 5481
5411 3174 1348
1795 8691 2283
4668 3847 4331
7806 2039 7205
9249 9867 1405
5178 3181 5223
8972 262 992
1137 4439 5141
3164 3312 2921
9611 9958 1242
9953 9991 3131
6062 5648 2927
7236 5314 1568
3144 3354 630
215 4480 4908
2325 1251 5376
714 2149 1034
5304 1376 4329
2041 9477 387
2574 4022 7104
9833 5433 9412
4488 1154 8830
5621 643 1238
5634 6548 7439
5756 712 448
8520 8460 6447
8551 6903 3255
4866 5975 8683
3764 6462 5779
1380 1784 4802
8937 7935 8717
9965 8423 4700
3836 9147 8878
6082 9853 4432
9139 8785 1045
2430 7275 6983
4695 2972 6873
761 1359 1570
4617 5867 2514
8700 4925 4000
6031 5008 1592
481 2922 5610
1304 3169 1460
7161 7489 6040
7103 4232 9254
9292 9337 9255
7567 3083 4655
3595 173 4729
613 5059 7673
383 8333 1508
9967 8386 1669
7892 994 5190
6033 8430 6866
1384 6337 210
9770 1714 256
9119 1853 167
5399 5845 4981
8449 487 9538
8453 2197 7944
7049 9909 6967
9638 7982 344
5985 9016 2632
8219 8982 6708
8633 2738 1180
2273 7877 6024
9482 5795 6074
6121 3348 7833
9514 7496 5142
6674 4972 9646
6824 9620 7751
1791 769 3268
1964 1248 8001
8414 4962 6022
7580 8216 473
2099 8557 7759
50 2817 6881
8365 5953 5348
9029 4042 2116
4051 1750 9060
9939 1124 3368
3561 191 4523
3991 1141 5316
9876 7674 7945
9058 6018 4380
2830 5516 509
8229 4979 8389
6742 846 3461
4158 9578 1121
5404 9777 9383
2062 6152 7925
3603 9802 1038
489 9494 5120
2946 9376 3693
4045 4120 4821
1378 3266 2431
5938 9790 4855
1546 967 6655
4504 317 3750
9085 6940 5263
6198 2428 2703
7087 1597 6250
5333 896 5555
9223 5051 7663
341 4264 8564
7864 3994 7382
3494 3438 6388
7682 1848 1255
7534 5692 8055
1266 2058 3713
8374 865 6183
8017 297 8698
7653 4983 8827
5995 3145 7884
7952 5000 1070
2495 7790 4289
2583 8431 7754
445 4109 9917
8259 1705 4175
5804 8973 3231
201 5903 7440
5109 6009 2828
1223 1059 4399
5136 9320 4094
6730 2032 653
4792 1078 5630
2673 6205 5525
7237 6476 840
584 6804 6639
7170 8288 6572
6702 455 9694
1549 4822 915
7890 3347 5754
4622 7451 2265
2175 1836 2475
6773 7432 4868
6997 5852 1017
3698 2186 9544
300 8614 6656
7929 5534 4381
5527 5773 6025
838 343 1404
2083 9642 2166
5862 7816 1827
117 4776 1786
3470 7856 844
1032 7721 1445
792 4199 6552
4850 4328 2407
9929 9411 8634
5180 148 1051
2567 940 8190
7230 2095 9932
9098 5248 1542
6453 9635 6451
5208 1646 8608
5486 8323 9417
6518 8294 4112
5663 3967 3670
5295 80 3054
6041 3371 4252
68 3815 9631
6841 6027 624
7449 9067 4311
1877 950 7733
5020 983 7010
871 7677 6422
5082 9550 6623
2078 3018 9112
7025 4582 6214
6181 4295 5359
930 9868 8045
6012 8026 1726
7545 7353 945
187 6805 2809
9655 4879 2899
7644 6327 7805
5897 5835 6118
1697 1259 8010
5091 8733 3123
7828 4085 5716
5694 7146 1611
7136 9437 8651
9729 598 7036
6876 9919 1417
3419 760 6168
1226 6590 2128
5877 8496 6438
626 637 2734
7515 4771 4641
4659 5242 2213
821 5036 1153
9194 2300 348
4204 3 6778
3593 1540 9653
4613 2392 2094
7791 2192 4777
3021 3609 6666
8714 4255 9889
5475 7558 8435
269 4661 3443
2674 6735 3714
4207 728 9726
1433 7239 4490
4795 6293 6509
6527 5006 6436
8689 1995 6072
8504 2839 3916
3056 1677 2162
4265 9106 3175
9819 8554 6840
3298 4856 7691
9138 3863 8123
2288 6981 3068
4410 2473 1067
7523 6867 2968
868 3457 1394
2515 7207 4105
3053 1057 956
5106 2445 9516
9604 41 5353
3817 2368 8125
2505 14 8867
733 3466 7133
518 4726 2129
7555 5298 2340
1594 5968 1437
1764 655 2409
7649 9753 7695
6565 6741 5507
9545 825 9857
8706 5885 9838
